time,range_0,range_90,range_180,range_270,range_360
1750678522.0779982,inf,inf,inf,1.5169999599456787
1750678522.65531,inf,inf,0.35324999690055847,1.5102499723434448
1750678523.2330706,inf,inf,inf,inf
1750678523.8108165,inf,inf,0.3527500033378601,1.5095000267028809
1750678524.299739,inf,inf,inf,1.5154999494552612
1750678524.8770442,inf,inf,inf,1.5145000219345093
1750678525.4535568,inf,inf,inf,1.5142500400543213
1750678526.031674,inf,inf,inf,1.5137499570846558
1750678526.609479,inf,inf,inf,1.5145000219345093
1750678527.008787,inf,inf,0.3542500138282776,1.5160000324249268
1750678527.5421898,inf,inf,0.35374999046325684,1.5160000324249268
1750678527.9861205,inf,inf,0.35225000977516174,1.5122499465942383
1750678528.3859303,inf,inf,0.35225000977516174,1.5147500038146973
1750678528.7855499,inf,inf,inf,inf
1750678529.3182597,inf,inf,0.3540000021457672,1.5134999752044678
1750678529.80677,inf,inf,0.35475000739097595,1.5149999856948853
1750678530.3848717,inf,inf,inf,1.5147500038146973
1750678530.8730493,inf,inf,0.35324999690055847,1.5119999647140503
1750678531.3627458,inf,inf,inf,1.5125000476837158
1750678531.9393625,inf,inf,inf,1.5149999856948853
1750678532.5166523,inf,inf,0.3544999957084656,1.5140000581741333
1750678533.094049,inf,inf,inf,1.5162500143051147
1750678533.6713886,inf,inf,inf,1.5132499933242798
1750678534.249082,inf,inf,0.3542500138282776,1.5142500400543213
1750678534.8260756,inf,inf,inf,1.5204999446868896
1750678535.3156173,inf,inf,inf,1.5152499675750732
1750678535.8925755,inf,inf,inf,1.5167499780654907
1750678536.470198,inf,inf,inf,1.5147500038146973
1750678537.0024014,inf,inf,inf,1.5162500143051147
1750678537.5362797,inf,inf,inf,inf
1750678538.1136446,inf,inf,inf,inf
1750678538.6910894,inf,inf,inf,1.5145000219345093
1750678539.2684498,inf,inf,inf,1.5204999446868896
1750678539.8015044,inf,inf,inf,inf
1750678540.3786626,inf,inf,0.35374999046325684,1.5160000324249268
1750678540.9560592,inf,inf,inf,1.5169999599456787
1750678541.5336013,inf,inf,inf,1.5167499780654907
1750678542.066978,inf,inf,inf,inf
1750678542.644426,inf,inf,0.35324999690055847,1.5102499723434448
1750678543.2217362,inf,inf,inf,1.5140000581741333
1750678543.7546504,inf,inf,0.3542500138282776,1.5145000219345093
1750678544.244011,inf,inf,0.3542500138282776,1.5147500038146973
1750678544.732473,inf,inf,inf,1.5154999494552612
1750678545.220787,inf,inf,inf,1.5157500505447388
1750678545.798483,inf,inf,inf,1.5164999961853027
1750678546.2864141,inf,inf,inf,1.5167499780654907
1750678546.7757096,inf,inf,inf,1.5162500143051147
1750678547.3526654,inf,inf,0.3529999852180481,1.5125000476837158
1750678547.9305034,inf,inf,0.3542500138282776,1.5160000324249268
1750678548.5074856,inf,inf,inf,inf
1750678549.0847278,inf,inf,0.35499998927116394,1.5140000581741333
1750678549.6621544,inf,inf,inf,1.5145000219345093
1750678550.2398853,inf,inf,inf,1.5167499780654907
1750678550.728641,inf,inf,inf,inf
1750678551.3062894,inf,inf,inf,1.5162500143051147
1750678551.8832934,inf,inf,inf,1.5147500038146973
1750678552.4610238,inf,inf,inf,1.5134999752044678
1750678553.0382483,inf,inf,inf,1.5164999961853027
1750678553.615416,inf,inf,inf,1.5149999856948853
1750678554.1923928,inf,inf,inf,inf
1750678554.769903,inf,inf,inf,inf
1750678555.3044307,inf,inf,0.3529999852180481,1.5147500038146973
1750678555.8814225,inf,inf,0.35225000977516174,1.5132499933242798
1750678556.3693943,inf,inf,inf,1.5162500143051147
1750678556.9468434,inf,inf,inf,1.5164999961853027
1750678557.5239902,inf,inf,inf,inf
1750678558.0577283,inf,inf,inf,inf
1750678558.6352062,inf,inf,0.35225000977516174,1.5127500295639038
1750678559.2120345,inf,inf,inf,1.5164999961853027
1750678559.790233,inf,inf,inf,1.5164999961853027
1750678560.3673844,inf,inf,inf,1.5157500505447388
1750678560.9448335,inf,inf,inf,1.5157500505447388
1750678561.521733,inf,inf,inf,1.5164999961853027
1750678561.9665933,inf,inf,inf,inf
1750678562.499338,inf,inf,0.35350000858306885,1.5157500505447388
1750678562.9884343,inf,inf,inf,1.5152499675750732
1750678563.4772048,inf,inf,inf,1.5142500400543213
1750678563.966004,inf,inf,inf,1.5137499570846558
1750678564.5425696,inf,inf,inf,1.5142500400543213
1750678565.1204553,inf,inf,0.35374999046325684,1.5145000219345093
1750678565.6972928,inf,inf,inf,1.5134999752044678
1750678566.2749476,inf,inf,0.35350000858306885,1.5140000581741333
1750678566.8528504,inf,inf,0.3527500033378601,1.5169999599456787
1750678567.4296896,inf,inf,inf,1.5167499780654907
1750678568.0067806,inf,inf,inf,inf
1750678568.5842636,inf,inf,0.3540000021457672,1.5152499675750732
1750678569.0287623,inf,inf,inf,1.5149999856948853
1750678569.6062264,inf,inf,inf,1.5154999494552612
1750678570.1837263,inf,inf,0.3529999852180481,1.5115000009536743
1750678570.7610016,inf,inf,inf,1.5137499570846558
1750678571.2054725,inf,inf,inf,1.5164999961853027
1750678571.7382069,inf,inf,inf,1.5167499780654907
1750678572.2719223,inf,inf,inf,1.5152499675750732
1750678572.849239,inf,inf,inf,1.5145000219345093
1750678573.4266315,inf,inf,inf,1.5167499780654907
1750678574.0039723,inf,inf,0.35350000858306885,1.5145000219345093
1750678574.5812745,inf,inf,inf,inf
1750678575.1583006,inf,inf,inf,1.5164999961853027
1750678575.7361145,inf,inf,0.35350000858306885,1.5099999904632568
1750678576.225407,inf,inf,0.35324999690055847,1.5167499780654907
1750678576.7579017,inf,inf,inf,1.5152499675750732
1750678577.2023695,inf,inf,0.35249999165534973,1.5117499828338623
1750678577.6023526,inf,inf,0.35324999690055847,1.5157500505447388
1750678578.0902498,inf,inf,inf,1.5172499418258667
1750678578.579303,inf,inf,0.3544999957084656,1.5142500400543213
1750678579.1568418,inf,inf,inf,1.5164999961853027
1750678579.734435,inf,inf,inf,1.5162500143051147
1750678580.311361,inf,inf,inf,1.5147500038146973
1750678580.8443146,inf,inf,inf,1.5149999856948853
1750678581.4214792,inf,inf,inf,inf
1750678581.9553657,inf,inf,inf,1.5160000324249268
1750678582.5325716,inf,inf,0.35374999046325684,1.5125000476837158
1750678583.110173,inf,inf,inf,inf
1750678583.6867924,inf,inf,inf,inf
1750678584.2200003,inf,inf,inf,1.5164999961853027
1750678584.7970567,inf,inf,inf,1.5149999856948853
1750678585.2866995,inf,inf,inf,1.5160000324249268
1750678585.8192363,inf,inf,0.35350000858306885,1.5119999647140503
1750678586.3967738,inf,inf,0.35324999690055847,1.5169999599456787
1750678586.973947,inf,inf,inf,1.5167499780654907
1750678587.5513065,inf,inf,inf,1.5162500143051147
1750678588.0399263,inf,2.837249994277954,inf,1.5167499780654907
1750678588.6180756,inf,inf,inf,1.5160000324249268
1750678589.1952236,inf,inf,inf,1.5140000581741333
1750678589.7721903,inf,inf,inf,inf
1750678590.3053086,inf,inf,inf,1.5147500038146973
1750678590.7950728,inf,inf,inf,1.5172499418258667
1750678591.3272355,inf,inf,inf,1.5167499780654907
1750678591.90411,inf,inf,inf,1.5142500400543213
1750678592.4818418,inf,inf,inf,1.5147500038146973
1750678592.926567,inf,inf,0.3540000021457672,1.5102499723434448
1750678593.4591799,inf,inf,0.3542500138282776,1.5154999494552612
1750678593.9929962,inf,inf,inf,1.5164999961853027
1750678594.5250587,inf,inf,inf,inf
1750678594.9694555,inf,inf,0.3540000021457672,1.5099999904632568
1750678595.546616,inf,inf,inf,1.5140000581741333
1750678596.079582,inf,inf,inf,1.5149999856948853
1750678596.6571603,inf,inf,inf,1.5149999856948853
1750678597.2343106,inf,inf,inf,1.5175000429153442
1750678597.7232451,inf,inf,inf,1.5142500400543213
1750678598.3006942,inf,inf,0.35374999046325684,1.5142500400543213
1750678598.878638,inf,inf,inf,1.5157500505447388
1750678599.456072,inf,inf,0.3529999852180481,1.5107500553131104
1750678599.9889581,inf,inf,0.35225000977516174,1.5145000219345093
1750678600.477197,inf,inf,inf,inf
1750678601.0105445,inf,inf,inf,1.5137499570846558
1750678601.5880349,inf,inf,inf,1.5160000324249268
1750678602.0323887,inf,inf,inf,1.5154999494552612
1750678602.5650756,inf,inf,0.3540000021457672,1.5145000219345093
1750678603.1423767,inf,inf,inf,inf
1750678603.7196505,inf,inf,inf,1.5142500400543213
1750678604.2534559,inf,inf,inf,1.5142500400543213
1750678604.831197,inf,inf,0.3529999852180481,1.5149999856948853
1750678605.363755,inf,inf,inf,1.5149999856948853
1750678605.8964257,inf,inf,inf,1.5145000219345093
1750678606.4300525,inf,inf,0.3540000021457672,1.5152499675750732
1750678607.0075202,inf,inf,inf,inf
1750678607.5849214,inf,inf,inf,1.5149999856948853
1750678608.162203,inf,inf,inf,1.5172499418258667
1750678608.7394867,inf,inf,0.35374999046325684,1.5152499675750732
1750678609.3172147,inf,inf,inf,inf
1750678609.8946962,inf,inf,inf,1.5147500038146973
1750678610.471726,inf,inf,inf,1.5169999599456787
1750678611.0492723,inf,inf,inf,inf
1750678611.6262717,inf,inf,0.35475000739097595,1.5152499675750732
1750678612.1158354,inf,inf,0.3544999957084656,1.5140000581741333
1750678612.69281,inf,inf,0.3529999852180481,1.5134999752044678
1750678613.2706149,inf,inf,inf,1.5147500038146973
1750678613.8475811,inf,inf,inf,inf
1750678614.4251022,inf,inf,inf,1.5154999494552612
1750678615.002393,inf,inf,inf,1.5160000324249268
1750678615.5793924,inf,inf,inf,1.5147500038146973
1750678616.0687914,inf,inf,0.351749986410141,1.5122499465942383
1750678616.6463284,inf,inf,inf,inf
1750678617.0466762,inf,inf,inf,1.5177500247955322
1750678617.4906287,inf,inf,inf,1.5152499675750732
1750678618.067646,inf,inf,0.3544999957084656,1.5149999856948853
1750678618.6453848,inf,inf,inf,1.5177500247955322
1750678619.222727,inf,inf,inf,1.5154999494552612
1750678619.7999218,inf,inf,0.3527500033378601,1.5145000219345093
1750678620.377292,inf,inf,0.35499998927116394,1.5137499570846558
1750678620.9108367,inf,inf,0.351500004529953,1.5132499933242798
1750678621.399083,inf,inf,inf,1.5177500247955322
1750678621.9765742,inf,inf,0.35475000739097595,1.5147500038146973
1750678622.5090122,inf,inf,inf,1.5184999704360962
1750678623.0866954,inf,inf,inf,1.5149999856948853
1750678623.6643987,inf,inf,0.3544999957084656,1.5154999494552612
1750678624.1979513,inf,inf,inf,1.5145000219345093
1750678624.7750146,inf,inf,inf,1.5149999856948853
1750678625.3525424,inf,inf,inf,1.5157500505447388
1750678625.9298294,inf,inf,inf,1.5164999961853027
1750678626.5067368,inf,inf,inf,1.5172499418258667
1750678627.0845282,inf,inf,inf,inf
1750678627.6620708,inf,inf,inf,1.5172499418258667
1750678628.2390568,inf,inf,0.35199999809265137,1.5110000371932983
1750678628.8170419,inf,inf,0.3555000126361847,1.5157500505447388
1750678629.3939273,inf,inf,0.35475000739097595,1.5184999704360962
1750678629.9280043,inf,inf,0.3540000021457672,1.5177500247955322
1750678630.504322,inf,inf,0.3540000021457672,1.5162500143051147
1750678631.0819757,inf,inf,0.3544999957084656,1.5149999856948853
1750678631.6601775,inf,inf,inf,1.5162500143051147
1750678632.2371542,inf,inf,inf,1.5175000429153442
1750678632.8146665,inf,inf,inf,1.5172499418258667
1750678633.3918788,inf,inf,inf,1.5145000219345093
1750678633.9692264,inf,inf,inf,1.5145000219345093
1750678634.5471425,inf,inf,0.351749986410141,1.5104999542236328
1750678635.124203,inf,inf,0.35475000739097595,1.5177500247955322
1750678635.7018623,inf,inf,0.3544999957084656,1.5145000219345093
1750678636.190589,inf,inf,inf,1.5180000066757202
1750678636.768216,inf,inf,inf,1.5154999494552612
1750678637.3453107,inf,inf,inf,1.5167499780654907
1750678637.9225514,inf,inf,0.3552500009536743,1.5157500505447388
1750678638.500051,inf,inf,0.3544999957084656,1.5157500505447388
1750678639.077597,inf,inf,inf,1.5180000066757202
1750678639.6548848,inf,inf,inf,1.5149999856948853
1750678640.18847,inf,inf,inf,1.5172499418258667
1750678640.7664452,inf,inf,inf,1.5180000066757202
1750678641.3433385,inf,inf,inf,1.5177500247955322
1750678641.8763378,inf,inf,inf,1.5182499885559082
1750678642.3204656,inf,inf,inf,inf
1750678642.7208347,inf,inf,inf,1.5149999856948853
1750678643.1206408,inf,inf,inf,1.5154999494552612
1750678643.6085281,inf,inf,inf,1.5180000066757202
1750678644.0525527,inf,inf,0.35199999809265137,1.5137499570846558
1750678644.4971797,inf,inf,inf,1.5157500505447388
1750678644.985622,inf,inf,0.35324999690055847,1.5152499675750732
1750678645.385314,inf,inf,inf,1.5175000429153442
1750678645.8740907,inf,inf,0.35249999165534973,1.5180000066757202
1750678646.450697,inf,inf,inf,1.5154999494552612
1750678646.9843671,inf,inf,0.3529999852180481,1.5119999647140503
1750678647.561257,inf,inf,inf,inf
1750678648.1387875,inf,inf,inf,1.5154999494552612
1750678648.6723137,inf,inf,inf,inf
1750678649.2502062,inf,inf,0.3527500033378601,1.5107500553131104
1750678649.8265524,inf,inf,inf,1.5154999494552612
1750678650.4046724,inf,inf,0.35624998807907104,1.5175000429153442
1750678650.8492172,inf,inf,inf,1.5149999856948853
1750678651.3817637,inf,inf,0.3540000021457672,1.5142500400543213
1750678651.9593673,inf,inf,0.35624998807907104,1.5167499780654907
1750678652.5367742,inf,inf,inf,1.5140000581741333
1750678653.1138527,inf,inf,0.35374999046325684,1.5137499570846558
1750678653.6915705,inf,inf,inf,1.5154999494552612
1750678654.1364608,inf,inf,inf,1.5160000324249268
1750678654.5801835,inf,inf,inf,1.5157500505447388
1750678655.157429,inf,inf,inf,1.5157500505447388
1750678655.7351134,inf,inf,inf,inf
1750678656.312637,inf,inf,inf,1.5169999599456787
1750678656.845577,inf,inf,0.3544999957084656,1.5154999494552612
1750678657.4223757,inf,inf,inf,inf
1750678657.9116256,inf,inf,inf,1.5140000581741333
1750678658.444234,inf,inf,0.35350000858306885,1.5154999494552612
1750678658.888683,inf,inf,0.35374999046325684,1.5157500505447388
1750678659.2885575,inf,inf,inf,1.5172499418258667
1750678659.821183,inf,inf,inf,1.5147500038146973
1750678660.2656112,inf,inf,0.35350000858306885,1.5160000324249268
1750678660.798769,inf,inf,inf,1.5147500038146973
1750678661.3756711,inf,inf,inf,inf
1750678661.9099834,inf,inf,inf,1.5157500505447388
1750678662.3532617,inf,inf,inf,inf
1750678662.7980392,inf,inf,0.35624998807907104,1.5162500143051147
1750678663.1975327,inf,inf,inf,1.5142500400543213
1750678663.6417813,inf,inf,inf,1.5145000219345093
1750678664.218983,inf,inf,inf,1.5149999856948853
1750678664.7964113,inf,inf,0.3527500033378601,1.5127500295639038
1750678665.3736305,inf,inf,inf,1.5157500505447388
1750678665.9510076,inf,inf,inf,1.5142500400543213
1750678666.5287502,inf,inf,inf,1.5137499570846558
1750678666.9281752,inf,inf,0.35324999690055847,1.5149999856948853
1750678667.4175367,inf,inf,inf,1.5160000324249268
1750678667.9946918,inf,inf,inf,1.528749942779541
1750678668.5722866,inf,inf,inf,1.5160000324249268
1750678669.149278,inf,inf,inf,1.5164999961853027
1750678669.7268212,inf,inf,inf,1.5157500505447388
1750678670.3043246,inf,inf,inf,1.5154999494552612
1750678670.8816981,inf,inf,inf,1.5172499418258667
1750678671.2821121,inf,inf,inf,inf
1750678671.8590608,inf,inf,0.35374999046325684,1.5154999494552612
1750678672.348171,inf,inf,inf,1.5157500505447388
1750678672.7483356,inf,inf,inf,1.528749942779541
1750678673.1475801,inf,inf,inf,1.5164999961853027
1750678673.5472243,inf,inf,inf,1.5184999704360962
1750678674.1246345,inf,inf,inf,1.5160000324249268
1750678674.701879,inf,inf,inf,1.5147500038146973
1750678675.2796848,inf,inf,inf,1.5152499675750732
1750678675.8569999,inf,inf,inf,1.5149999856948853
1750678676.4341025,inf,inf,inf,1.5142500400543213
1750678677.0114717,inf,inf,0.3529999852180481,1.5147500038146973
1750678677.5886793,inf,inf,inf,1.5160000324249268
1750678678.166481,inf,inf,inf,1.5152499675750732
1750678678.7438898,inf,inf,inf,1.5142500400543213
1750678679.2775204,inf,inf,0.3540000021457672,1.5169999599456787
1750678679.8548462,inf,inf,inf,1.5149999856948853
1750678680.432064,inf,inf,inf,1.5147500038146973
1750678680.9649334,inf,inf,inf,1.5147500038146973
1750678681.5423465,inf,inf,inf,1.5162500143051147
1750678682.1194067,inf,inf,inf,1.5152499675750732
1750678682.6967974,inf,inf,0.35324999690055847,1.5160000324249268
1750678683.2305596,inf,inf,inf,1.5160000324249268
1750678683.807924,inf,inf,0.3557499945163727,1.5157500505447388
1750678684.3854012,inf,inf,inf,1.5162500143051147
1750678684.8741086,inf,inf,inf,1.5157500505447388
1750678685.273152,inf,inf,inf,1.5157500505447388
1750678685.717325,inf,inf,inf,1.5157500505447388
1750678686.0739253,inf,inf,inf,1.5154999494552612
1750678686.5621269,inf,inf,inf,1.5157500505447388
1750678687.13915,inf,inf,0.3540000021457672,1.5157500505447388
1750678687.6721115,inf,inf,0.35374999046325684,1.5154999494552612
1750678688.249327,inf,inf,0.35374999046325684,1.5169999599456787
1750678688.8266697,inf,inf,inf,1.5157500505447388
1750678689.3157513,inf,inf,inf,inf
1750678689.8934667,inf,inf,inf,1.5147500038146973
1750678690.4705505,inf,inf,inf,1.5160000324249268
1750678691.048211,inf,inf,inf,1.5152499675750732
1750678691.6250093,inf,inf,inf,inf
1750678692.0249999,inf,inf,inf,1.5152499675750732
1750678692.5579984,inf,inf,0.3544999957084656,1.5169999599456787
1750678693.0916934,inf,inf,0.35350000858306885,1.5149999856948853
1750678693.6690457,inf,inf,inf,1.5160000324249268
1750678694.24633,inf,inf,inf,1.5147500038146973
1750678694.8237944,inf,inf,inf,1.5157500505447388
1750678695.3564317,inf,inf,inf,1.5154999494552612
1750678695.933677,inf,inf,inf,1.5157500505447388
1750678696.378403,inf,inf,0.35499998927116394,1.5175000429153442
1750678696.9557486,inf,inf,0.35324999690055847,1.5142500400543213
1750678697.4442487,inf,inf,inf,1.5164999961853027
1750678698.0220816,inf,inf,inf,1.5157500505447388
1750678698.5996132,inf,inf,0.3555000126361847,1.5164999961853027
1750678699.1768947,inf,inf,0.35249999165534973,1.5152499675750732
1750678699.7539244,inf,inf,0.35350000858306885,1.5147500038146973
1750678700.3315895,inf,inf,0.35324999690055847,1.5147500038146973
1750678700.908423,inf,inf,0.3555000126361847,1.5172499418258667
1750678701.4420605,inf,inf,0.3540000021457672,1.5145000219345093
1750678701.930946,inf,inf,inf,1.5145000219345093
1750678702.5083976,inf,inf,0.3527500033378601,inf
1750678703.0856388,inf,inf,0.3529999852180481,1.5154999494552612
1750678703.6184702,inf,inf,inf,1.5154999494552612
1750678704.1521096,inf,inf,inf,1.5160000324249268
1750678704.729665,inf,inf,inf,1.5152499675750732
1750678705.129708,inf,inf,inf,inf
1750678705.6168575,inf,inf,inf,1.5140000581741333
1750678706.0618834,inf,inf,inf,1.5089999437332153
1750678706.6389382,inf,inf,inf,1.5092500448226929
1750678707.2160263,inf,inf,0.35350000858306885,inf
1750678707.7057822,inf,inf,inf,1.5160000324249268
1750678708.2831202,inf,inf,inf,1.5160000324249268
1750678708.8599782,inf,inf,0.35324999690055847,1.5147500038146973
1750678709.3482594,inf,inf,0.35324999690055847,1.5149999856948853
1750678709.792329,inf,inf,0.3529999852180481,1.5152499675750732
1750678710.3699195,inf,inf,0.3540000021457672,1.5152499675750732
1750678710.947182,inf,inf,inf,1.5157500505447388
1750678711.436571,inf,inf,inf,1.5164999961853027
1750678712.0139995,inf,inf,0.3527500033378601,1.5147500038146973
1750678712.3701968,inf,inf,inf,1.5149999856948853
1750678712.9460766,inf,inf,inf,1.5147500038146973
1750678713.5239718,inf,inf,inf,1.5125000476837158
1750678714.1012604,inf,inf,inf,1.5149999856948853
1750678714.590372,inf,inf,inf,1.5160000324249268
1750678715.167705,inf,inf,inf,1.5157500505447388
1750678715.7448545,inf,inf,inf,1.5142500400543213
1750678716.3221283,inf,inf,inf,1.5147500038146973
1750678716.8997223,inf,inf,inf,1.5175000429153442
1750678717.477536,inf,inf,inf,1.5169999599456787
1750678717.965594,inf,inf,inf,1.5154999494552612
1750678718.5441065,inf,inf,inf,1.5147500038146973
1750678719.0321832,inf,inf,inf,1.5149999856948853
1750678719.475781,inf,inf,inf,1.5157500505447388
1750678720.05384,inf,inf,0.3544999957084656,1.5152499675750732
1750678720.4980009,inf,inf,inf,1.5184999704360962
1750678721.0307555,inf,inf,inf,1.5157500505447388
1750678721.4754217,inf,inf,0.3552500009536743,1.5177500247955322
1750678722.0079114,inf,inf,0.3542500138282776,1.5169999599456787
1750678722.5855207,inf,inf,inf,1.5149999856948853
1750678723.1627302,inf,inf,inf,1.5152499675750732
1750678723.6963038,inf,inf,0.3540000021457672,1.5147500038146973
1750678724.274118,inf,inf,0.35350000858306885,1.5154999494552612
1750678724.851156,inf,inf,inf,1.5145000219345093
1750678725.4285772,inf,inf,inf,1.5154999494552612
1750678726.005998,inf,inf,inf,1.5154999494552612
1750678726.5835059,inf,inf,inf,1.5172499418258667
1750678727.1607046,inf,inf,inf,1.5160000324249268
1750678727.7379212,inf,inf,0.35249999165534973,inf
1750678728.138627,inf,inf,inf,1.5145000219345093
1750678728.7149277,inf,inf,inf,1.5157500505447388
1750678729.2927055,inf,inf,0.35249999165534973,inf
1750678729.8704126,inf,inf,inf,1.5160000324249268
1750678730.403733,inf,inf,0.3529999852180481,1.5149999856948853
1750678730.9808092,inf,inf,inf,inf
1750678731.5583308,inf,inf,inf,inf
1750678732.1358485,inf,inf,inf,1.5152499675750732
1750678732.7131295,inf,inf,inf,1.5154999494552612
1750678733.290676,inf,inf,inf,1.5097500085830688
1750678733.8235686,inf,inf,inf,1.5164999961853027
1750678734.3573475,inf,inf,0.35324999690055847,1.5160000324249268
1750678734.9345057,inf,inf,inf,1.5142500400543213
1750678735.5119035,inf,inf,inf,1.5154999494552612
1750678736.0895581,inf,inf,inf,1.5172499418258667
1750678736.6664379,inf,inf,0.3540000021457672,1.5160000324249268
1750678737.2438548,inf,inf,inf,1.5157500505447388
1750678737.8215594,inf,inf,inf,1.5154999494552612
1750678738.3985689,inf,inf,inf,1.5154999494552612
1750678738.9760275,inf,inf,inf,1.5125000476837158
1750678739.5533714,inf,inf,inf,1.5160000324249268
1750678740.0870638,inf,inf,inf,1.5145000219345093
1750678740.6637251,inf,inf,0.35374999046325684,1.5175000429153442
1750678741.2417712,inf,inf,inf,1.5157500505447388
1750678741.8193617,inf,inf,inf,1.5082499980926514
1750678742.3076181,inf,inf,inf,1.5142500400543213
1750678742.7517169,inf,inf,inf,1.5154999494552612
1750678743.3290384,inf,inf,0.35499998927116394,1.5149999856948853
1750678743.9066558,inf,inf,inf,1.5149999856948853
1750678744.4841828,inf,inf,inf,1.5169999599456787
1750678745.0176,inf,inf,0.35499998927116394,1.5167499780654907
1750678745.594842,inf,inf,inf,1.5152499675750732
1750678746.1723728,inf,inf,inf,1.5145000219345093
1750678746.705475,inf,inf,inf,1.5154999494552612
1750678747.1497273,inf,inf,inf,1.5145000219345093
1750678747.7268288,inf,inf,inf,1.5160000324249268
1750678748.3042908,inf,inf,0.35499998927116394,1.5160000324249268
1750678748.8815844,inf,inf,inf,1.5152499675750732
1750678749.4591775,inf,inf,inf,1.5154999494552612
1750678750.0366993,inf,inf,0.3555000126361847,1.5172499418258667
1750678750.4809914,inf,inf,0.35374999046325684,1.5154999494552612
1750678751.0583918,inf,inf,0.35374999046325684,1.5162500143051147
1750678751.6356652,inf,inf,inf,1.5164999961853027
1750678752.2129693,inf,inf,inf,1.5152499675750732
1750678752.7903433,inf,inf,0.3527500033378601,1.5145000219345093
1750678753.367831,inf,inf,inf,inf
1750678753.9014149,inf,inf,inf,1.5160000324249268
1750678754.478642,inf,inf,inf,1.5157500505447388
1750678755.0563211,inf,inf,inf,1.5162500143051147
1750678755.633182,inf,inf,inf,1.5154999494552612
1750678756.2108233,inf,inf,inf,inf
1750678756.743999,inf,inf,inf,1.5152499675750732
1750678757.1886473,inf,inf,inf,1.5157500505447388
1750678757.7653668,inf,inf,inf,inf
1750678758.3428729,inf,inf,0.3555000126361847,1.5164999961853027
1750678758.9205532,inf,inf,0.35324999690055847,1.5197499990463257
1750678759.4975326,inf,inf,inf,1.5157500505447388
1750678760.0751507,inf,inf,inf,1.5157500505447388
1750678760.608127,inf,inf,inf,1.5160000324249268
1750678761.0968156,inf,inf,inf,1.5175000429153442
1750678761.6741438,inf,inf,inf,inf
1750678762.2517233,inf,inf,inf,inf
1750678762.7853048,inf,inf,inf,1.5080000162124634
1750678763.3631065,inf,inf,inf,1.5142500400543213
1750678763.8961596,inf,inf,inf,1.5154999494552612
1750678764.4728365,inf,inf,0.35324999690055847,1.5154999494552612
1750678764.9618077,inf,inf,inf,1.5147500038146973
1750678765.4945836,inf,inf,0.3542500138282776,1.5175000429153442
1750678766.0720494,inf,inf,inf,1.5152499675750732
1750678766.6488738,inf,inf,inf,1.5122499465942383
1750678767.2266684,inf,inf,inf,1.5157500505447388
1750678767.8044286,inf,inf,0.35475000739097595,1.5177500247955322
1750678768.3815289,inf,inf,inf,1.5145000219345093
1750678768.9590964,inf,inf,inf,1.5154999494552612
1750678769.403692,inf,inf,inf,1.5160000324249268
1750678769.8923128,inf,inf,inf,inf
1750678770.4691026,inf,inf,inf,1.5122499465942383
1750678771.0473669,inf,inf,0.3540000021457672,1.5175000429153442
1750678771.6245933,inf,inf,inf,1.5152499675750732
1750678772.2017734,inf,inf,0.35374999046325684,inf
1750678772.7794366,inf,inf,inf,1.5147500038146973
1750678773.3566258,inf,inf,0.3552500009536743,1.5167499780654907
1750678773.8462286,inf,inf,inf,1.5149999856948853
1750678774.3345306,inf,inf,inf,1.5145000219345093
1750678774.9113283,inf,inf,inf,1.5152499675750732
1750678775.4886997,inf,inf,inf,1.5167499780654907
1750678776.0657732,inf,inf,inf,inf
1750678776.5996957,inf,inf,inf,1.5169999599456787
1750678777.133086,inf,inf,inf,1.5152499675750732
1750678777.577021,inf,inf,inf,inf
1750678778.1095667,inf,inf,inf,inf
1750678778.6869774,inf,inf,inf,1.5147500038146973
1750678779.0866022,inf,inf,inf,1.5152499675750732
1750678779.664015,inf,inf,inf,1.5132499933242798
1750678780.1086144,inf,inf,inf,1.5149999856948853
1750678780.5536587,inf,inf,0.35324999690055847,1.5157500505447388
1750678781.0855265,inf,inf,inf,inf
1750678781.6633067,inf,inf,inf,1.5157500505447388
1750678782.1959207,inf,inf,inf,1.5154999494552612
1750678782.5075786,inf,inf,inf,1.5167499780654907
1750678783.0402565,inf,inf,0.35324999690055847,1.5137499570846558
1750678783.4845617,inf,inf,inf,inf
1750678784.062232,inf,inf,0.35324999690055847,1.5157500505447388
1750678784.639148,inf,inf,0.3564999997615814,1.5160000324249268
1750678785.2165616,inf,inf,inf,1.5152499675750732
1750678785.7490313,inf,inf,inf,1.5152499675750732
1750678786.2833166,inf,inf,0.35350000858306885,1.5145000219345093
1750678786.860339,inf,inf,inf,inf
1750678787.4379094,inf,inf,inf,1.5160000324249268
1750678788.0148125,inf,inf,0.3555000126361847,1.5169999599456787
1750678788.5927067,inf,inf,0.3544999957084656,1.5140000581741333
1750678789.1703978,inf,inf,inf,1.5149999856948853
1750678789.7027855,inf,inf,0.3529999852180481,1.5162500143051147
1750678790.2804046,inf,inf,0.35199999809265137,inf
1750678790.8136575,inf,inf,inf,1.5169999599456787
1750678791.3466444,inf,inf,inf,1.5145000219345093
1750678791.9240494,inf,inf,inf,1.5157500505447388
1750678792.456661,inf,inf,inf,inf
1750678792.9903264,inf,inf,inf,1.5152499675750732
1750678793.5677323,inf,inf,0.3544999957084656,inf
1750678794.100421,inf,inf,0.3529999852180481,1.5145000219345093
1750678794.6782165,inf,inf,inf,1.5157500505447388
1750678795.1667972,inf,inf,inf,inf
1750678795.7436545,inf,inf,inf,1.5164999961853027
1750678796.321538,inf,inf,inf,inf
1750678796.8548949,inf,inf,inf,1.5145000219345093
1750678797.3873649,inf,inf,inf,1.5154999494552612
1750678797.8765628,inf,inf,0.3542500138282776,1.5169999599456787
1750678798.4537177,inf,inf,inf,1.5167499780654907
1750678798.8540628,inf,inf,inf,1.5145000219345093
1750678799.298597,inf,inf,inf,1.5154999494552612
1750678799.6983519,inf,inf,inf,1.5125000476837158
1750678800.1857798,inf,inf,0.3540000021457672,1.5172499418258667
1750678800.762974,inf,inf,inf,1.5167499780654907
1750678801.3407652,inf,inf,inf,inf
1750678801.8743217,inf,inf,0.3542500138282776,1.5160000324249268
1750678802.4068224,inf,inf,inf,1.5145000219345093
1750678802.9399507,inf,inf,inf,1.5145000219345093
1750678803.4286382,inf,inf,inf,inf
1750678804.0065176,inf,inf,inf,1.5137499570846558
1750678804.5832512,inf,inf,inf,1.5137499570846558
1750678805.1609488,inf,inf,inf,1.5145000219345093
1750678805.7378545,inf,inf,0.3544999957084656,1.5142500400543213
1750678806.3158977,inf,inf,inf,1.5137499570846558
1750678806.8934696,inf,inf,inf,1.5142500400543213
1750678807.470596,inf,inf,0.35499998927116394,1.5147500038146973
1750678808.0481133,inf,inf,0.3555000126361847,1.5160000324249268
1750678808.5812404,inf,inf,inf,1.5175000429153442
1750678809.0695512,inf,inf,inf,inf
1750678809.646997,inf,inf,0.3555000126361847,1.5164999961853027
1750678810.2246919,inf,inf,inf,1.5164999961853027
1750678810.757609,inf,inf,inf,1.5177500247955322
1750678811.3357625,inf,inf,0.3540000021457672,1.5177500247955322
1750678811.9129703,inf,inf,0.35475000739097595,1.5145000219345093
1750678812.490388,inf,inf,inf,1.5147500038146973
1750678813.0675604,inf,inf,inf,1.5154999494552612
1750678813.6449754,inf,inf,0.35350000858306885,inf
1750678814.2226775,inf,inf,inf,1.5147500038146973
1750678814.799767,inf,inf,inf,1.5154999494552612
1750678815.3771193,inf,inf,inf,1.5149999856948853
1750678815.8663,inf,inf,inf,1.5149999856948853
1750678816.4438672,inf,inf,0.3542500138282776,1.5162500143051147
1750678817.0207493,inf,inf,inf,1.5167499780654907
1750678817.465459,inf,inf,0.35374999046325684,1.5149999856948853
1750678817.9983904,inf,inf,inf,1.5147500038146973
1750678818.5756612,inf,inf,inf,1.5149999856948853
1750678819.152765,inf,inf,inf,1.5147500038146973
1750678819.7302232,inf,inf,inf,1.5152499675750732
1750678820.307905,inf,inf,0.35374999046325684,1.5145000219345093
1750678820.796281,inf,inf,inf,1.5152499675750732
1750678821.3295758,inf,inf,inf,1.5149999856948853
1750678821.9068253,inf,inf,inf,1.5149999856948853
1750678822.352026,inf,inf,inf,1.5145000219345093
1750678822.9285278,inf,inf,0.35350000858306885,1.5184999704360962
1750678823.5059323,inf,inf,inf,1.5142500400543213
1750678824.0831373,inf,inf,inf,1.5147500038146973
1750678824.5284817,inf,inf,inf,1.5149999856948853
1750678824.9717536,inf,inf,0.3552500009536743,1.5172499418258667
1750678825.5500336,inf,inf,inf,1.5177500247955322
1750678826.127228,inf,inf,inf,1.5145000219345093
1750678826.7045102,inf,inf,inf,1.5145000219345093
1750678827.2371612,inf,inf,0.3540000021457672,1.5169999599456787
1750678827.814843,inf,inf,0.3544999957084656,1.5152499675750732
1750678828.3919168,inf,inf,inf,1.5145000219345093
1750678828.9257343,inf,inf,inf,1.5157500505447388
1750678829.502901,inf,inf,inf,1.5149999856948853
1750678830.080731,inf,inf,inf,1.5152499675750732
1750678830.6574426,inf,inf,inf,1.5147500038146973
1750678831.1463177,inf,inf,inf,1.5149999856948853
1750678831.6797254,inf,inf,0.35324999690055847,inf
1750678832.2126503,inf,inf,inf,1.5167499780654907
1750678832.7899508,inf,inf,0.35350000858306885,1.5182499885559082
1750678833.367085,inf,inf,inf,inf
1750678833.9444792,inf,inf,inf,1.5149999856948853
1750678834.5221972,inf,inf,0.35374999046325684,1.5182499885559082
1750678835.0991204,inf,inf,inf,1.5149999856948853
1750678835.5882397,inf,inf,inf,1.5134999752044678
1750678836.1655982,inf,inf,0.35350000858306885,1.5169999599456787
1750678836.7432265,inf,inf,inf,1.5149999856948853
1750678837.2763748,inf,inf,inf,1.5145000219345093
1750678837.8099668,inf,inf,inf,1.5145000219345093
1750678838.3868923,inf,inf,inf,1.5154999494552612
1750678838.9646137,inf,inf,inf,1.5112500190734863
1750678839.542119,inf,inf,0.35374999046325684,1.5167499780654907
1750678840.1192183,inf,inf,inf,1.5147500038146973
1750678840.6962404,inf,inf,inf,1.5154999494552612
1750678841.1409748,inf,inf,inf,1.5149999856948853
1750678841.6735888,inf,inf,inf,1.5137499570846558
1750678842.2514265,inf,inf,inf,1.5145000219345093
1750678842.8282392,inf,inf,inf,inf
1750678843.4057302,inf,inf,0.3544999957084656,1.5164999961853027
1750678843.9833293,inf,inf,inf,inf
1750678844.5171413,inf,inf,inf,1.5162500143051147
1750678845.0944645,inf,inf,inf,1.5152499675750732
1750678845.5821898,inf,inf,inf,inf
1750678846.0716588,inf,inf,inf,1.5140000581741333
1750678846.4713857,inf,inf,inf,1.5134999752044678
1750678846.8711944,inf,inf,inf,1.5149999856948853
1750678847.448477,inf,inf,0.3540000021457672,1.5152499675750732
1750678848.0262222,inf,inf,inf,1.5152499675750732
1750678848.558616,inf,inf,inf,1.5145000219345093
1750678849.1358006,inf,inf,inf,1.5184999704360962
1750678849.7132676,inf,inf,0.35374999046325684,1.5177500247955322
1750678850.20275,inf,inf,inf,1.5112500190734863
1750678850.6027822,inf,inf,inf,1.5152499675750732
1750678851.0907094,inf,inf,inf,inf
1750678851.6239567,inf,inf,inf,1.5142500400543213
1750678852.2016454,inf,inf,inf,1.5145000219345093
1750678852.7786741,inf,inf,inf,1.5149999856948853
1750678853.356083,inf,inf,inf,1.5160000324249268
1750678853.933293,inf,inf,inf,1.5145000219345093
1750678854.510937,inf,inf,0.3542500138282776,1.5182499885559082
1750678854.9552815,inf,inf,inf,1.5157500505447388
1750678855.5329723,inf,inf,inf,1.5134999752044678
1750678856.1099656,inf,inf,inf,1.5099999904632568
1750678856.687576,inf,inf,inf,1.5145000219345093
1750678857.264735,inf,inf,inf,1.5147500038146973
1750678857.7976775,inf,inf,inf,1.5137499570846558
1750678858.3313096,inf,inf,0.35350000858306885,1.5147500038146973
1750678858.9084854,inf,inf,inf,1.5152499675750732
1750678859.441253,inf,inf,inf,1.5152499675750732
1750678860.0189316,inf,inf,0.35499998927116394,1.5140000581741333
1750678860.5960028,inf,inf,0.3544999957084656,inf
1750678861.1737208,inf,inf,inf,inf
1750678861.7511098,inf,inf,inf,1.5140000581741333
1750678862.2848608,inf,inf,0.35350000858306885,1.5167499780654907
1750678862.862363,inf,inf,0.35499998927116394,1.5157500505447388
1750678863.4390683,inf,inf,inf,1.5149999856948853
1750678863.9718885,inf,inf,inf,1.5142500400543213
1750678864.4610622,inf,inf,inf,1.5152499675750732
1750678864.9497256,inf,inf,inf,1.5149999856948853
1750678865.4382503,inf,inf,0.35475000739097595,1.5147500038146973
1750678865.9263663,inf,inf,inf,1.5167499780654907
1750678866.5036778,inf,inf,inf,inf
1750678867.081264,inf,inf,0.35475000739097595,1.5149999856948853
1750678867.570433,inf,inf,inf,1.5082499980926514
1750678868.147641,inf,inf,inf,1.5145000219345093
1750678868.7251306,inf,inf,0.3540000021457672,1.5147500038146973
1750678869.3027992,inf,inf,0.3542500138282776,1.5180000066757202
1750678869.8796382,inf,inf,inf,inf
1750678870.457153,inf,inf,0.35499998927116394,1.5154999494552612
1750678871.034399,inf,inf,inf,1.5140000581741333
1750678871.568327,inf,inf,0.3540000021457672,1.5154999494552612
1750678872.1456628,inf,inf,inf,1.5142500400543213
1750678872.723072,inf,inf,inf,1.5149999856948853
1750678873.3007226,inf,inf,inf,1.5140000581741333
1750678873.7886455,inf,inf,inf,1.5149999856948853
1750678874.2782626,inf,inf,inf,1.5142500400543213
1750678874.722252,inf,inf,0.35499998927116394,1.5154999494552612
1750678875.121975,inf,inf,0.35499998927116394,1.5160000324249268
1750678875.6544971,inf,inf,inf,1.5152499675750732
1750678876.2319558,inf,inf,inf,1.5140000581741333
1750678876.632476,inf,inf,inf,1.5149999856948853
1750678877.0315526,inf,inf,inf,1.5149999856948853
1750678877.5642078,inf,inf,0.35374999046325684,1.5157500505447388
1750678878.1415703,inf,inf,inf,1.5147500038146973
1750678878.675354,inf,inf,inf,1.5130000114440918
1750678879.2525637,inf,inf,inf,1.5147500038146973
1750678879.8301957,inf,inf,inf,inf
1750678880.4077106,inf,inf,inf,1.5147500038146973
1750678880.9404142,inf,inf,0.35475000739097595,1.5145000219345093
1750678881.5180035,inf,inf,inf,1.5152499675750732
1750678882.095103,inf,inf,inf,1.5149999856948853
1750678882.6728854,inf,inf,inf,1.5137499570846558
1750678883.2063088,inf,inf,inf,1.5115000009536743
1750678883.7834523,inf,inf,inf,inf
1750678884.3607118,inf,inf,0.3552500009536743,1.5147500038146973
1750678884.9381478,inf,inf,inf,1.5149999856948853
1750678885.5154908,inf,inf,0.35499998927116394,1.5147500038146973
1750678886.0931504,inf,inf,inf,1.5164999961853027
1750678886.6708903,inf,inf,inf,1.5154999494552612
1750678887.1588707,inf,inf,inf,1.5154999494552612
1750678887.7371442,inf,inf,0.3542500138282776,1.5154999494552612
1750678888.3141592,inf,inf,inf,1.5112500190734863
1750678888.891597,inf,inf,inf,1.5157500505447388
1750678889.4251835,inf,inf,inf,1.5157500505447388
1750678890.001679,inf,inf,inf,1.5142500400543213
1750678890.5791063,inf,inf,inf,1.5149999856948853
1750678891.1128645,inf,inf,inf,1.5137499570846558
1750678891.6901772,inf,inf,inf,1.5152499675750732
1750678892.0901964,inf,inf,inf,1.5147500038146973
1750678892.4455185,inf,inf,inf,1.5084999799728394
1750678892.8900678,inf,inf,inf,1.5142500400543213
1750678893.3780055,inf,inf,inf,1.5157500505447388
1750678893.955234,inf,inf,0.35350000858306885,1.5154999494552612
1750678894.5323744,inf,inf,inf,1.5164999961853027
1750678895.1101089,inf,inf,inf,1.5084999799728394
1750678895.6436536,inf,inf,0.35350000858306885,1.5154999494552612
1750678896.2212067,inf,inf,inf,1.5149999856948853
1750678896.7983878,inf,inf,inf,1.5152499675750732
1750678897.3758452,inf,inf,0.35374999046325684,1.5149999856948853
1750678897.9532835,inf,inf,inf,1.5160000324249268
1750678898.5304117,inf,inf,inf,inf
1750678899.107717,inf,inf,0.3540000021457672,1.5187499523162842
1750678899.6851046,inf,inf,inf,1.5157500505447388
1750678900.2625854,inf,inf,inf,1.5154999494552612
1750678900.8396716,inf,inf,inf,1.5160000324249268
1750678901.3736455,inf,inf,inf,1.5112500190734863
1750678901.9513037,inf,inf,inf,1.5157500505447388
1750678902.5281663,inf,inf,inf,inf
1750678903.1062524,inf,inf,inf,1.5145000219345093
1750678903.6384106,inf,inf,inf,1.5152499675750732
1750678904.2162707,inf,inf,inf,1.5152499675750732
1750678904.6161032,inf,inf,inf,1.5152499675750732
1750678905.1050296,inf,inf,inf,1.5157500505447388
1750678905.6374886,inf,inf,inf,1.5145000219345093
1750678906.2154024,inf,inf,inf,1.5149999856948853
1750678906.7922072,inf,inf,inf,1.5140000581741333
1750678907.3695476,inf,inf,inf,1.5157500505447388
1750678907.947293,inf,inf,0.35499998927116394,1.5142500400543213
1750678908.4809253,inf,inf,inf,1.5145000219345093
1750678909.0583398,inf,inf,inf,1.5152499675750732
1750678909.635484,inf,inf,inf,1.5152499675750732
1750678910.2129807,inf,inf,inf,1.5140000581741333
1750678910.7896338,inf,inf,inf,1.5149999856948853
1750678911.2345905,inf,inf,inf,1.5119999647140503
1750678911.8121643,inf,inf,inf,inf
1750678912.389759,inf,inf,0.35374999046325684,1.5154999494552612
1750678912.966756,inf,inf,0.35324999690055847,inf
1750678913.5445244,inf,inf,inf,1.5107500553131104
1750678914.121565,inf,inf,inf,1.5154999494552612
1750678914.6992302,inf,inf,inf,1.5130000114440918
1750678915.276595,inf,inf,inf,1.5142500400543213
1750678915.8534844,inf,inf,inf,1.5157500505447388
1750678916.4311743,inf,inf,inf,1.5142500400543213
1750678916.9647646,inf,inf,0.35324999690055847,inf
1750678917.5423229,inf,inf,0.3540000021457672,1.5164999961853027
1750678918.1195014,inf,inf,0.3544999957084656,inf
1750678918.696964,inf,inf,inf,1.5142500400543213
1750678919.2746537,inf,inf,inf,1.5149999856948853
1750678919.8518915,inf,inf,inf,1.5142500400543213
1750678920.4291728,inf,inf,0.3540000021457672,1.5149999856948853
1750678921.0064168,inf,inf,inf,1.5160000324249268
1750678921.4069169,inf,inf,0.3540000021457672,1.5197499990463257
1750678921.9837806,inf,inf,inf,1.5157500505447388
1750678922.5609963,inf,inf,0.35374999046325684,1.5182499885559082
1750678923.0949545,inf,inf,inf,1.5149999856948853
1750678923.6721666,inf,inf,inf,1.5152499675750732
1750678924.249552,inf,inf,inf,1.5149999856948853
1750678924.8271663,inf,inf,inf,1.5107500553131104
1750678925.404276,inf,inf,inf,1.5154999494552612
1750678925.9818308,inf,inf,inf,1.5145000219345093
1750678926.514365,inf,inf,0.35499998927116394,1.5147500038146973
1750678926.9588623,inf,inf,inf,1.5154999494552612
1750678927.536243,inf,inf,0.35350000858306885,1.5147500038146973
1750678928.1135254,inf,inf,inf,1.5142500400543213
1750678928.6910214,inf,inf,0.3544999957084656,1.5154999494552612
1750678929.268693,inf,inf,inf,1.5142500400543213
1750678929.8020535,inf,inf,inf,1.5142500400543213
1750678930.3796723,inf,inf,inf,1.5160000324249268
1750678930.9570162,inf,inf,inf,1.5157500505447388
1750678931.444857,inf,inf,inf,1.5140000581741333
1750678931.8893528,inf,inf,inf,1.5157500505447388
1750678932.2452376,inf,inf,inf,1.5152499675750732
1750678932.6452577,inf,inf,inf,inf
1750678933.2215865,inf,inf,inf,1.5142500400543213
1750678933.7558992,inf,inf,inf,1.5132499933242798
1750678934.2882626,inf,inf,inf,inf
1750678934.8211591,inf,inf,inf,1.5145000219345093
1750678935.3982458,inf,inf,inf,1.5157500505447388
1750678935.9756484,inf,inf,inf,1.5142500400543213
1750678936.509319,inf,inf,0.35249999165534973,inf
1750678937.0868142,inf,inf,inf,1.5149999856948853
1750678937.6194737,inf,inf,0.3552500009536743,1.5154999494552612
1750678938.1969895,inf,inf,inf,1.5152499675750732
1750678938.7738583,inf,inf,inf,inf
1750678939.2635202,inf,inf,inf,1.5152499675750732
1750678939.8409204,inf,inf,inf,1.5147500038146973
1750678940.418493,inf,inf,inf,1.5147500038146973
1750678940.9948947,inf,inf,0.35225000977516174,inf
1750678941.3958774,inf,inf,inf,1.5149999856948853
1750678941.8399062,inf,inf,inf,1.5149999856948853
1750678942.371999,inf,inf,0.3529999852180481,inf
1750678942.9499383,inf,inf,0.35249999165534973,inf
1750678943.527305,inf,inf,inf,1.5140000581741333
1750678944.1045985,inf,inf,inf,1.5125000476837158
1750678944.682306,inf,inf,inf,1.5145000219345093
1750678945.2592323,inf,inf,inf,1.5154999494552612
1750678945.7481937,inf,inf,inf,1.5147500038146973
1750678946.2811494,inf,inf,inf,1.5127500295639038
1750678946.7263734,inf,inf,inf,1.5145000219345093
1750678947.1264672,inf,inf,inf,1.5147500038146973
1750678947.570146,inf,inf,inf,inf
1750678948.0580673,inf,inf,0.3529999852180481,inf
1750678948.4585247,inf,inf,inf,1.5152499675750732
1750678948.9023628,inf,inf,inf,1.5147500038146973
1750678949.4799466,inf,inf,inf,1.5112500190734863
1750678950.0569224,inf,inf,0.3529999852180481,inf
1750678950.6345336,inf,inf,0.3527500033378601,inf
1750678951.2116833,inf,inf,0.35374999046325684,1.5145000219345093
1750678951.7893693,inf,inf,inf,1.5154999494552612
1750678952.366512,inf,inf,inf,1.5127500295639038
1750678952.9005105,inf,inf,inf,1.5127500295639038
1750678953.300221,inf,inf,inf,1.5154999494552612
1750678953.832907,inf,inf,inf,1.5122499465942383
1750678954.4105415,inf,inf,inf,1.5125000476837158
1750678954.810407,inf,inf,0.3540000021457672,1.5142500400543213
1750678955.2099183,inf,inf,inf,1.5125000476837158
1750678955.6541486,inf,inf,inf,1.5140000581741333
1750678956.2315137,inf,inf,0.3552500009536743,1.5154999494552612
1750678956.8090258,inf,inf,inf,1.5149999856948853
1750678957.385805,inf,inf,inf,1.5152499675750732
1750678957.831567,inf,inf,inf,1.5154999494552612
1750678958.3188162,inf,inf,inf,1.5152499675750732
1750678958.896139,inf,inf,inf,1.5145000219345093
1750678959.4739563,inf,inf,0.35324999690055847,inf
1750678959.9184406,inf,inf,0.3542500138282776,1.5160000324249268
1750678960.4068382,inf,inf,inf,1.5160000324249268
1750678960.9845123,inf,inf,inf,1.5149999856948853
1750678961.561957,inf,inf,0.3544999957084656,1.5160000324249268
1750678962.1396046,inf,inf,0.35499998927116394,1.5147500038146973
1750678962.716869,inf,inf,0.3540000021457672,1.5154999494552612
1750678963.1165054,inf,inf,inf,1.5130000114440918
1750678963.6939378,inf,inf,inf,1.5152499675750732
1750678964.2708602,inf,inf,0.3555000126361847,inf
1750678964.8483272,inf,inf,inf,1.5147500038146973
1750678965.4256723,inf,inf,0.35350000858306885,1.5137499570846558
1750678966.0031786,inf,inf,0.35199999809265137,inf
1750678966.5805774,inf,inf,inf,1.5097500085830688
1750678967.07022,inf,inf,0.35199999809265137,inf
1750678967.647219,inf,inf,inf,1.5147500038146973
1750678968.2248724,inf,inf,0.35324999690055847,inf
1750678968.8022861,inf,inf,inf,1.5154999494552612
1750678969.3794706,inf,inf,inf,1.5095000267028809
1750678969.9567757,inf,inf,0.35499998927116394,1.5157500505447388
1750678970.534091,inf,inf,inf,1.5142500400543213
1750678971.0233283,inf,inf,inf,1.5152499675750732
1750678971.4234433,inf,inf,0.35324999690055847,inf
1750678972.0006926,inf,inf,inf,1.5099999904632568
1750678972.5779471,inf,inf,inf,1.5119999647140503
1750678973.1550603,inf,inf,inf,1.5149999856948853
1750678973.7329419,inf,inf,0.3529999852180481,1.5154999494552612
1750678974.3097582,inf,inf,0.3542500138282776,1.5149999856948853
1750678974.8873281,inf,inf,inf,1.5115000009536743
1750678975.4648654,inf,inf,inf,1.5115000009536743
1750678975.9983633,inf,inf,0.3555000126361847,1.5147500038146973
1750678976.5311248,inf,inf,inf,1.5134999752044678
1750678977.1086633,inf,inf,inf,1.5154999494552612
1750678977.6861646,inf,inf,0.35374999046325684,1.5134999752044678
1750678978.2634063,inf,inf,inf,1.5152499675750732
1750678978.8408794,inf,inf,inf,inf
1750678979.418005,inf,inf,inf,1.5099999904632568
1750678979.951887,inf,inf,inf,1.5142500400543213
1750678980.5290444,inf,inf,inf,inf
1750678981.1065567,inf,inf,inf,1.5099999904632568
1750678981.6842194,inf,inf,inf,1.5147500038146973
1750678982.2614055,inf,inf,inf,1.5097500085830688
1750678982.8385754,inf,inf,inf,1.5112500190734863
1750678983.41601,inf,inf,inf,1.5145000219345093
1750678983.993456,inf,inf,0.3540000021457672,1.5149999856948853
1750678984.3934789,inf,inf,inf,1.5117499828338623
1750678984.793376,inf,inf,inf,1.5137499570846558
1750678985.2820456,inf,inf,inf,1.5104999542236328
1750678985.8586676,inf,inf,0.35324999690055847,inf
1750678986.4370565,inf,inf,inf,1.5145000219345093
1750678987.0143948,inf,inf,0.3540000021457672,1.5147500038146973
1750678987.591797,inf,inf,0.3557499945163727,1.5142500400543213
1750678988.1691265,inf,inf,inf,1.5149999856948853
1750678988.74639,inf,inf,inf,1.5154999494552612
1750678989.3240287,inf,inf,inf,1.5152499675750732
1750678989.9013412,inf,inf,0.3529999852180481,inf
1750678990.4786236,inf,inf,inf,inf
1750678991.0559034,inf,inf,inf,1.5112500190734863
1750678991.589622,inf,inf,inf,1.5137499570846558
1750678992.1669393,inf,inf,inf,inf
1750678992.7442315,inf,inf,0.3555000126361847,1.5157500505447388
1750678993.3220217,inf,inf,inf,1.5142500400543213
1750678993.8987074,inf,inf,inf,inf
1750678994.4764025,inf,inf,inf,1.5140000581741333
1750678995.0539675,inf,inf,inf,1.5152499675750732
1750678995.6311817,inf,inf,inf,1.5147500038146973
1750678996.208571,inf,inf,0.35374999046325684,inf
1750678996.7863903,inf,inf,inf,1.5167499780654907
1750678997.3199096,inf,inf,inf,1.5119999647140503
1750678997.8972378,inf,inf,inf,1.5140000581741333
1750678998.4746587,inf,inf,inf,1.5142500400543213
1750678999.052066,inf,inf,inf,1.5132499933242798
1750678999.4521139,inf,inf,inf,1.5140000581741333
1750678999.9399166,inf,inf,inf,1.5149999856948853
1750679000.473645,inf,inf,inf,1.5140000581741333
1750679001.0059483,inf,inf,0.3540000021457672,1.5157500505447388
1750679001.4060779,inf,inf,inf,1.5147500038146973
1750679001.983678,inf,inf,inf,1.5099999904632568
1750679002.5611641,inf,inf,inf,1.5077500343322754
1750679003.1383507,inf,inf,inf,1.5147500038146973
1750679003.716072,inf,inf,0.3540000021457672,1.5152499675750732
1750679004.292868,inf,inf,0.3544999957084656,inf
1750679004.7373602,inf,inf,inf,1.5102499723434448
1750679005.3148358,inf,inf,inf,1.5122499465942383
1750679005.8921206,inf,inf,inf,1.5149999856948853
1750679006.469709,inf,inf,inf,1.5145000219345093
1750679006.9591117,inf,inf,inf,1.5137499570846558
1750679007.44719,inf,inf,inf,1.5130000114440918
1750679007.9357626,inf,inf,inf,1.5149999856948853
1750679008.5130782,inf,inf,inf,1.5152499675750732
1750679009.0905669,inf,inf,inf,1.5154999494552612
1750679009.6680076,inf,inf,inf,1.5077500343322754
1750679010.2454615,inf,inf,inf,1.5142500400543213
1750679010.8225935,inf,inf,inf,1.5149999856948853
1750679011.3126912,inf,inf,inf,1.5147500038146973
1750679011.8892896,inf,inf,0.35374999046325684,inf
1750679012.288424,inf,inf,inf,1.5077500343322754
1750679012.866075,inf,inf,inf,1.5149999856948853
1750679013.3997777,inf,inf,inf,1.5147500038146973
1750679013.843597,inf,inf,inf,1.5137499570846558
1750679014.2881756,inf,inf,inf,1.5157500505447388
1750679014.7763445,inf,inf,inf,1.5157500505447388
1750679015.353636,inf,inf,inf,1.5117499828338623
1750679015.9305747,inf,inf,inf,1.5147500038146973
1750679016.4645402,inf,inf,inf,1.5132499933242798
1750679017.0421634,inf,inf,0.35324999690055847,inf
1750679017.6193674,inf,inf,inf,1.5152499675750732
1750679018.1969612,inf,inf,inf,1.5157500505447388
1750679018.7292297,inf,inf,inf,1.5172499418258667
1750679019.2183332,inf,inf,inf,inf
1750679019.79581,inf,inf,inf,1.5137499570846558
1750679020.2840085,inf,inf,0.3542500138282776,1.5149999856948853
1750679020.77317,inf,inf,inf,1.5099999904632568
1750679021.3055646,inf,inf,0.3540000021457672,inf
1750679021.8830242,inf,inf,inf,1.5145000219345093
1750679022.460426,inf,inf,inf,1.5145000219345093
1750679023.0381558,inf,inf,0.3540000021457672,1.5147500038146973
1750679023.5717182,inf,inf,inf,1.5140000581741333
1750679024.1045835,inf,inf,inf,1.5149999856948853
1750679024.6371362,inf,inf,0.3529999852180481,inf
1750679025.214655,inf,inf,0.35374999046325684,1.5160000324249268
1750679025.7477555,inf,inf,inf,1.5119999647140503
1750679026.280937,inf,inf,inf,inf
1750679026.725463,inf,inf,inf,1.5152499675750732
1750679027.2586203,inf,inf,inf,1.5145000219345093
1750679027.7027445,inf,inf,inf,1.5115000009536743
1750679028.2799754,inf,inf,inf,1.5149999856948853
1750679028.8123932,inf,inf,0.35324999690055847,1.5147500038146973
1750679029.3012369,inf,inf,inf,1.5147500038146973
1750679029.7900794,inf,inf,inf,1.5152499675750732
1750679030.278223,inf,inf,0.351749986410141,inf
1750679030.8557842,inf,inf,inf,1.5132499933242798
1750679031.3887312,inf,inf,inf,1.5145000219345093
1750679031.9221582,inf,inf,inf,1.5152499675750732
1750679032.4110465,inf,inf,inf,1.5137499570846558
1750679032.8564575,inf,inf,inf,1.5142500400543213
1750679033.3434758,inf,inf,inf,1.5180000066757202
1750679033.788096,inf,inf,inf,1.5110000371932983
1750679034.1887445,inf,inf,inf,1.5142500400543213
1750679034.72055,inf,inf,inf,1.5140000581741333
1750679035.1203806,inf,inf,inf,1.5157500505447388
1750679035.520124,inf,inf,inf,1.5115000009536743
1750679035.964224,inf,inf,0.3540000021457672,inf
1750679036.5422893,inf,inf,inf,1.5122499465942383
1750679036.9858885,inf,inf,inf,1.5145000219345093
1750679037.4749308,inf,inf,inf,1.5145000219345093
1750679037.8753014,inf,inf,0.35350000858306885,1.5152499675750732
1750679038.3632183,inf,inf,inf,1.5092500448226929
1750679038.763544,inf,inf,0.3540000021457672,1.5152499675750732
1750679039.1628342,inf,inf,inf,1.5110000371932983
1750679039.6511533,inf,inf,inf,1.5142500400543213
1750679040.095882,inf,inf,inf,1.5154999494552612
1750679040.6285946,inf,inf,inf,1.5145000219345093
1750679041.2058349,inf,inf,inf,1.5149999856948853
1750679041.7394323,inf,inf,inf,1.5154999494552612
1750679042.3169067,inf,inf,inf,1.5119999647140503
1750679042.8493745,inf,inf,0.35350000858306885,inf
1750679043.2948627,inf,inf,inf,1.5147500038146973
1750679043.8266459,inf,inf,inf,1.5080000162124634
1750679044.3596919,inf,inf,inf,1.5102499723434448
1750679044.8484259,inf,inf,0.3544999957084656,inf
1750679045.2489238,inf,inf,inf,1.5142500400543213
1750679045.7812357,inf,inf,inf,1.5180000066757202
1750679046.3584552,inf,inf,0.35324999690055847,inf
1750679046.935699,inf,inf,0.35374999046325684,1.5152499675750732
1750679047.4695175,inf,inf,inf,1.5140000581741333
1750679048.0468562,inf,inf,inf,1.5145000219345093
1750679048.6243315,inf,inf,inf,1.5134999752044678
1750679049.2019632,inf,inf,inf,1.5137499570846558
1750679049.7791684,inf,inf,inf,1.5145000219345093
1750679050.3567278,inf,inf,inf,1.5102499723434448
1750679050.712061,inf,inf,0.3542500138282776,1.5147500038146973
1750679051.2890692,inf,inf,inf,1.5180000066757202
1750679051.8664584,inf,inf,0.35350000858306885,inf
1750679052.4000838,inf,inf,inf,1.5187499523162842
1750679052.9773247,inf,inf,inf,1.5134999752044678
1750679053.5547209,inf,inf,inf,1.5115000009536743
1750679054.1325862,inf,inf,inf,1.5145000219345093
1750679054.7095814,inf,inf,inf,1.5104999542236328
1750679055.2872465,inf,inf,inf,1.5117499828338623
1750679055.863871,inf,inf,inf,1.5147500038146973
1750679056.44185,inf,inf,0.35350000858306885,1.5134999752044678
1750679057.0192952,inf,inf,inf,1.5147500038146973
1750679057.5963945,inf,inf,inf,1.5152499675750732
1750679058.1303241,inf,inf,inf,1.5149999856948853
1750679058.5736308,inf,inf,inf,1.5097500085830688
1750679058.9735985,inf,inf,inf,1.5149999856948853
1750679059.4628863,inf,inf,0.3540000021457672,1.5140000581741333
1750679060.039838,inf,inf,inf,1.5127500295639038
1750679060.6175895,inf,inf,inf,1.5147500038146973
1750679061.195028,inf,inf,inf,1.5149999856948853
1750679061.6837919,inf,inf,inf,1.5084999799728394
1750679062.2611034,inf,inf,inf,1.5147500038146973
1750679062.8385038,inf,inf,0.3542500138282776,1.5147500038146973
1750679063.416134,inf,inf,inf,1.5125000476837158
1750679063.993277,inf,inf,inf,1.5102499723434448
1750679064.5706322,inf,inf,inf,1.5142500400543213
1750679065.1479077,inf,inf,inf,1.5127500295639038
1750679065.592486,inf,inf,0.35374999046325684,1.5152499675750732
1750679066.125739,inf,inf,inf,1.5119999647140503
1750679066.7025244,inf,inf,inf,1.5140000581741333
1750679067.280228,inf,inf,inf,1.5147500038146973
1750679067.8577187,inf,inf,inf,1.5147500038146973
1750679068.3912573,inf,inf,inf,1.5149999856948853
1750679068.9686785,inf,inf,inf,1.5145000219345093
1750679069.501478,inf,inf,inf,1.5117499828338623
1750679069.9020236,inf,inf,inf,1.5130000114440918
1750679070.3011758,inf,inf,inf,1.5077500343322754
1750679070.7004402,inf,inf,inf,inf
1750679071.1448648,inf,inf,inf,inf
1750679071.7226999,inf,inf,inf,1.5142500400543213
1750679072.3000462,inf,inf,inf,1.5180000066757202
1750679072.8770978,inf,inf,0.35324999690055847,inf
1750679073.4546006,inf,inf,inf,1.5134999752044678
1750679073.9874845,inf,inf,inf,1.5102499723434448
1750679074.476257,inf,inf,inf,1.5152499675750732
1750679075.0537617,inf,inf,inf,1.5137499570846558
1750679075.631477,inf,inf,0.35475000739097595,1.5147500038146973
1750679076.1641576,inf,inf,0.35475000739097595,1.5149999856948853
1750679076.741636,inf,inf,inf,1.5149999856948853
1750679077.2752888,inf,inf,0.35350000858306885,inf
1750679077.80774,inf,inf,inf,1.5140000581741333
1750679078.3405278,inf,inf,0.3544999957084656,1.5147500038146973
1750679078.8304863,inf,inf,0.3544999957084656,1.5149999856948853
1750679079.4070418,inf,inf,inf,1.5097500085830688
1750679079.9845574,inf,inf,inf,1.5080000162124634
1750679080.5171266,inf,inf,0.3542500138282776,1.5140000581741333
1750679081.0944152,inf,inf,0.35374999046325684,1.5140000581741333
1750679081.6719394,inf,inf,inf,1.5147500038146973
1750679082.2056036,inf,inf,inf,1.5112500190734863
1750679082.7832663,inf,inf,inf,1.5142500400543213
1750679083.3603337,inf,inf,inf,1.5142500400543213
1750679083.937766,inf,inf,inf,1.5089999437332153
1750679084.5154305,inf,inf,inf,1.5149999856948853
1750679085.092505,inf,inf,inf,1.5080000162124634
1750679085.6701546,inf,inf,inf,1.5149999856948853
1750679086.158962,inf,inf,inf,inf
1750679086.7367635,inf,inf,inf,1.5140000581741333
1750679087.3138602,inf,inf,inf,1.5145000219345093
1750679087.891117,inf,inf,inf,1.5104999542236328
1750679088.468488,inf,inf,0.3540000021457672,1.5140000581741333
1750679089.0459867,inf,inf,inf,1.5175000429153442
1750679089.6234953,inf,inf,inf,1.5147500038146973
1750679090.2005358,inf,inf,inf,inf
1750679090.7783206,inf,inf,0.3540000021457672,1.5149999856948853
1750679091.3553047,inf,inf,inf,1.5140000581741333
1750679091.8893645,inf,inf,inf,1.5137499570846558
1750679092.3769155,inf,inf,inf,inf
1750679092.9546442,inf,inf,inf,1.5142500400543213
1750679093.4436297,inf,inf,inf,inf
1750679094.0207121,inf,inf,inf,1.5132499933242798
1750679094.5979662,inf,inf,inf,1.5092500448226929
1750679095.1758366,inf,inf,inf,1.5147500038146973
1750679095.75317,inf,inf,inf,1.5145000219345093
1750679096.330696,inf,inf,inf,1.5147500038146973
1750679096.9077466,inf,0.2224999964237213,0.35249999165534973,inf
1750679097.485344,inf,inf,inf,1.5117499828338623
1750679098.0624366,inf,inf,inf,1.5125000476837158
1750679098.5079195,inf,inf,inf,1.5125000476837158
1750679098.9964747,inf,0.2277500033378601,inf,inf
1750679099.5735476,inf,inf,inf,1.5142500400543213
1750679100.106567,inf,inf,inf,1.5147500038146973
1750679100.5511467,inf,0.22875000536441803,inf,inf
1750679100.905475,inf,inf,inf,1.5140000581741333
1750679101.4836497,inf,inf,0.3544999957084656,1.5140000581741333
1750679102.0609212,inf,inf,inf,1.5140000581741333
1750679102.638278,inf,inf,inf,1.5104999542236328
1750679103.215803,inf,inf,inf,1.5142500400543213
1750679103.7927866,inf,inf,inf,1.5142500400543213
1750679104.3266637,inf,inf,inf,1.5140000581741333
1750679104.9038005,inf,inf,inf,inf
1750679105.4812243,inf,inf,0.35350000858306885,inf
1750679106.0585852,inf,inf,0.35499998927116394,1.5142500400543213
1750679106.6362693,inf,inf,inf,1.5140000581741333
1750679107.2135282,inf,inf,inf,1.5134999752044678
1750679107.790759,inf,inf,0.3540000021457672,1.5147500038146973
1750679108.368451,inf,inf,inf,1.5182499885559082
1750679108.9459834,inf,inf,inf,1.5140000581741333
1750679109.5230293,inf,inf,0.3544999957084656,1.5147500038146973
1750679110.1003013,inf,inf,0.35324999690055847,inf
1750679110.634203,inf,inf,inf,1.5134999752044678
1750679111.2117138,inf,inf,inf,inf
1750679111.7887366,inf,inf,0.35350000858306885,inf
1750679112.3664143,inf,inf,inf,inf
1750679112.9440055,inf,inf,inf,1.5084999799728394
1750679113.5211625,inf,0.518750011920929,inf,inf
1750679114.0983732,inf,inf,inf,1.5162500143051147
1750679114.6757634,inf,inf,inf,1.5140000581741333
1750679115.2533717,inf,inf,inf,1.5157500505447388
1750679115.830599,inf,inf,inf,1.5097500085830688
1750679116.3645241,inf,inf,inf,1.5140000581741333
1750679116.8523874,inf,inf,0.3552500009536743,1.5142500400543213
1750679117.4301586,inf,inf,inf,1.5142500400543213
1750679118.0070653,inf,inf,inf,inf
1750679118.5411649,inf,inf,inf,1.5099999904632568
1750679119.1181867,inf,4.948750019073486,inf,inf
1750679119.69594,inf,inf,inf,1.5145000219345093
1750679120.2284472,inf,inf,inf,1.5145000219345093
1750679120.8058755,inf,inf,inf,1.5149999856948853
1750679121.3833506,inf,inf,inf,1.5147500038146973
1750679121.9606967,inf,inf,inf,1.5097500085830688
1750679122.4494941,inf,inf,inf,1.5130000114440918
1750679123.0265799,inf,inf,inf,1.5137499570846558
1750679123.5596359,inf,inf,0.3527500033378601,inf
1750679124.1371632,inf,inf,inf,inf
1750679124.7144916,inf,inf,inf,1.5140000581741333
1750679125.2481852,inf,inf,0.3529999852180481,inf
1750679125.8253403,inf,inf,inf,1.5095000267028809
1750679126.3585627,inf,inf,inf,1.5145000219345093
1750679126.9357777,inf,inf,inf,1.5132499933242798
1750679127.5130064,inf,inf,inf,1.5122499465942383
1750679128.09034,inf,inf,0.3540000021457672,1.5134999752044678
1750679128.6676064,inf,inf,inf,1.5097500085830688
1750679129.1571062,inf,inf,inf,1.5145000219345093
1750679129.7336407,inf,inf,inf,inf
1750679130.26723,inf,inf,inf,1.5110000371932983
1750679130.7118294,inf,inf,inf,1.5132499933242798
1750679131.2446766,inf,inf,0.3557499945163727,1.5134999752044678
1750679131.8217373,inf,inf,0.3540000021457672,1.5137499570846558
1750679132.3554535,inf,inf,inf,1.5145000219345093
1750679132.8881266,inf,inf,inf,1.5145000219345093
1750679133.465675,inf,inf,0.3557499945163727,1.5132499933242798
1750679134.0430183,inf,inf,inf,1.5140000581741333
1750679134.5314572,inf,inf,inf,1.5142500400543213
1750679135.0647752,inf,inf,inf,1.5145000219345093
1750679135.642391,inf,inf,inf,1.5145000219345093
1750679136.2195094,inf,inf,inf,1.5140000581741333
1750679136.7971635,inf,inf,inf,1.5180000066757202
1750679137.3743157,inf,inf,inf,1.5145000219345093
1750679137.8633392,inf,inf,inf,1.5115000009536743
1750679138.4405081,inf,inf,0.3555000126361847,1.5140000581741333
1750679139.0182736,inf,inf,0.35600000619888306,1.5142500400543213
1750679139.5956912,inf,inf,inf,1.5152499675750732
1750679140.1730437,inf,inf,inf,1.5142500400543213
1750679140.6173768,inf,inf,inf,1.5147500038146973
1750679141.194815,inf,inf,inf,1.5125000476837158
1750679141.727353,inf,inf,inf,1.5140000581741333
1750679142.3050253,inf,inf,inf,1.5145000219345093
1750679142.8819578,inf,inf,0.35374999046325684,1.5134999752044678
1750679143.4152305,inf,inf,inf,1.5142500400543213
1750679143.9037359,inf,inf,inf,inf
1750679144.481727,inf,inf,inf,1.5142500400543213
1750679145.0587635,inf,inf,inf,1.5134999752044678
