time,range_0,range_90,range_180,range_270,range_360
1750760033.6001077,inf,inf,inf,inf
1750760034.1340506,inf,inf,inf,5.157750129699707
1750760034.711653,inf,inf,inf,5.1554999351501465
1750760035.2888725,inf,inf,inf,5.128499984741211
1750760035.8213868,inf,inf,inf,5.148749828338623
1750760036.3992894,inf,inf,inf,5.1479997634887695
1750760036.9766557,1.5072499513626099,inf,inf,5.157750129699707
1750760037.5539188,inf,inf,inf,5.161499977111816
1750760038.0428352,inf,inf,inf,5.157750129699707
1750760038.5755723,inf,inf,inf,5.148499965667725
1750760039.1529677,inf,inf,inf,5.1479997634887695
1750760039.730684,inf,inf,inf,5.166749954223633
1750760040.3079538,inf,inf,inf,inf
1750760040.8409991,inf,inf,0.7622500061988831,5.155749797821045
1750760041.3301854,inf,inf,inf,5.152249813079834
1750760041.7292066,inf,inf,0.7632499933242798,5.159999847412109
1750760042.218558,inf,inf,0.7617499828338623,5.156499862670898
1750760042.7958407,1.503000020980835,inf,0.7622500061988831,5.1554999351501465
1750760043.373389,1.5017499923706055,inf,0.7615000009536743,5.153749942779541
1750760043.9507875,inf,inf,0.7597500085830688,5.146500110626221
1750760044.52813,1.5269999504089355,inf,0.7602499723434448,5.165500164031982
1750760044.97266,1.5052499771118164,inf,0.7612500190734863,5.164750099182129
1750760045.5501509,inf,inf,0.7760000228881836,inf
1750760046.127337,1.5152499675750732,inf,inf,5.154250144958496
1750760046.7048736,inf,inf,inf,5.154749870300293
1750760047.2824662,inf,inf,inf,5.165249824523926
1750760047.8595269,inf,inf,0.7620000243186951,5.160749912261963
1750760048.4370284,inf,inf,inf,5.161749839782715
1750760049.0139565,1.500499963760376,inf,inf,5.176000118255615
1750760049.5916762,inf,inf,inf,5.156000137329102
1750760049.99239,inf,inf,inf,5.1529998779296875
1750760050.4364264,inf,inf,0.7634999752044678,5.172999858856201
1750760050.8358526,1.5084999799728394,inf,0.7605000138282776,5.159249782562256
1750760051.2355666,1.496500015258789,inf,0.7605000138282776,5.1545000076293945
1750760051.7687528,1.500749945640564,inf,0.7622500061988831,5.160999774932861
1750760052.34564,inf,inf,0.7670000195503235,5.1605000495910645
1750760052.8799076,1.5177500247955322,inf,0.7602499723434448,5.17425012588501
1750760053.4567199,inf,inf,0.7785000205039978,5.163000106811523
1750760054.0342069,inf,inf,0.16349999606609344,inf
1750760054.5222733,inf,inf,inf,inf
1750760055.0563002,inf,inf,inf,5.163000106811523
1750760055.6327615,inf,inf,inf,inf
1750760056.2108445,inf,inf,inf,5.15625
1750760056.7875402,1.5042500495910645,inf,inf,5.156000137329102
1750760057.3655689,1.5119999647140503,inf,0.7767500281333923,5.160250186920166
1750760057.943141,1.524999976158142,inf,inf,5.1545000076293945
1750760058.52062,inf,inf,0.7854999899864197,5.156750202178955
1750760059.0087726,inf,inf,inf,5.171999931335449
1750760059.49793,inf,inf,0.7882500290870667,5.1570000648498535
1750760059.8974445,1.5262500047683716,inf,0.7587500214576721,5.162499904632568
1750760060.3866434,inf,inf,0.7607499957084656,5.161250114440918
1750760060.964148,inf,inf,0.7602499723434448,5.164750099182129
1750760061.541528,inf,inf,0.7607499957084656,5.174499988555908
1750760062.1186285,inf,inf,0.7595000267028809,5.173250198364258
1750760062.6965334,inf,inf,0.7607499957084656,5.171999931335449
1750760063.273532,inf,inf,0.7597500085830688,5.15749979019165
1750760063.806431,inf,inf,inf,5.157249927520752
1750760064.3398588,inf,inf,0.7620000243186951,5.172999858856201
1750760064.9171274,1.5049999952316284,inf,0.7599999904632568,5.157249927520752
1750760065.495259,1.500249981880188,inf,0.7605000138282776,5.156750202178955
1750760066.0722,1.5017499923706055,inf,0.7602499723434448,5.1529998779296875
1750760066.649818,inf,inf,0.7612500190734863,5.167250156402588
1750760067.1828616,inf,inf,0.7605000138282776,5.158750057220459
1750760067.7596166,inf,inf,0.7609999775886536,5.1545000076293945
1750760068.3370848,1.503499984741211,inf,0.7587500214576721,5.15625
1750760068.8709397,inf,inf,0.7607499957084656,5.156499862670898
1750760069.448151,1.5017499923706055,inf,0.7587500214576721,5.152249813079834
1750760070.0257232,inf,inf,0.7620000243186951,5.160749912261963
1750760070.6027133,1.500499963760376,inf,0.7605000138282776,5.156499862670898
1750760071.1803057,inf,inf,0.7609999775886536,5.1529998779296875
1750760071.758087,inf,inf,0.7645000219345093,5.170249938964844
1750760072.3351035,inf,inf,0.7634999752044678,5.163249969482422
1750760072.8246832,inf,inf,0.7615000009536743,5.149750232696533
1750760073.312475,inf,inf,0.7615000009536743,5.148499965667725
1750760073.7572522,inf,inf,0.7639999985694885,5.159249782562256
1750760074.201568,inf,inf,0.7612500190734863,5.151500225067139
1750760074.7785206,inf,inf,0.7622500061988831,5.146749973297119
1750760075.3115425,inf,inf,0.7612500190734863,5.15500020980835
1750760075.8441365,inf,inf,0.7615000009536743,5.148499965667725
1750760076.3334413,inf,inf,0.7620000243186951,5.170499801635742
1750760076.9107175,inf,inf,0.7617499828338623,5.169750213623047
1750760077.4438221,inf,inf,0.7615000009536743,5.170249938964844
1750760077.8431225,inf,inf,0.7620000243186951,5.169250011444092
1750760078.3322735,inf,inf,0.7630000114440918,5.164999961853027
1750760078.7323623,inf,inf,0.7615000009536743,5.171750068664551
1750760079.132069,inf,inf,0.7612500190734863,5.1519999504089355
1750760079.6647325,inf,inf,0.7632499933242798,5.151750087738037
1750760080.242234,inf,inf,0.7615000009536743,5.152750015258789
1750760080.7747002,inf,inf,0.7630000114440918,5.164249897003174
1750760081.3090346,inf,inf,inf,5.152500152587891
1750760081.8858924,inf,inf,inf,5.148250102996826
1750760082.4633677,inf,inf,0.7632499933242798,5.156750202178955
1750760083.0407808,inf,inf,0.7617499828338623,5.167749881744385
1750760083.6182299,inf,inf,0.7639999985694885,5.149250030517578
1750760084.1959245,inf,inf,0.7622500061988831,5.175250053405762
1750760084.7728553,inf,inf,0.7627500295639038,5.163249969482422
1750760085.3502398,inf,inf,0.7615000009536743,5.16825008392334
1750760085.9278383,inf,inf,0.7647500038146973,5.146500110626221
1750760086.5049741,inf,inf,0.7620000243186951,5.168499946594238
1750760086.994151,inf,0.1577499955892563,0.7620000243186951,5.140749931335449
1750760087.3941987,inf,inf,0.7620000243186951,5.168749809265137
1750760087.9712484,inf,inf,0.762499988079071,5.151500225067139
1750760088.5486894,inf,inf,0.7620000243186951,5.169000148773193
1750760089.1261404,inf,inf,0.7615000009536743,5.149750232696533
1750760089.6589663,inf,inf,0.7622500061988831,5.168000221252441
1750760090.1032374,inf,inf,0.7622500061988831,5.177999973297119
1750760090.5480554,inf,inf,0.7622500061988831,5.172749996185303
1750760091.0804007,inf,inf,0.7622500061988831,5.164999961853027
1750760091.6579301,inf,inf,0.7620000243186951,5.15500020980835
1750760092.146806,inf,inf,0.7609999775886536,5.166749954223633
1750760092.724603,inf,inf,0.7590000033378601,5.166250228881836
1750760093.3022523,inf,inf,0.7580000162124634,5.1579999923706055
1750760093.8791666,inf,inf,0.7617499828338623,5.158249855041504
1750760094.3236084,inf,inf,0.7605000138282776,5.182000160217285
1750760094.901371,inf,inf,0.7615000009536743,5.160749912261963
1750760095.4787798,inf,inf,0.7609999775886536,5.156750202178955
1750760096.0559967,inf,inf,0.7607499957084656,5.168749809265137
1750760096.6334178,inf,inf,0.7605000138282776,5.162749767303467
1750760097.2105834,inf,inf,0.7607499957084656,5.20074987411499
1750760097.7881577,inf,inf,0.7590000033378601,5.162749767303467
1750760098.1881948,inf,inf,0.7607499957084656,5.179749965667725
1750760098.765123,inf,inf,0.7487499713897705,5.171999931335449
1750760099.3425357,inf,inf,0.7607499957084656,5.150000095367432
1750760099.8763578,inf,inf,0.7607499957084656,5.198999881744385
1750760100.4538329,inf,inf,0.7602499723434448,5.169250011444092
1750760101.0314434,inf,inf,0.7609999775886536,5.180749893188477
1750760101.608646,inf,inf,0.7584999799728394,5.149750232696533
1750760102.1860218,inf,inf,0.7607499957084656,inf
1750760102.7632794,inf,inf,0.7602499723434448,5.204500198364258
1750760103.3409283,inf,inf,0.7570000290870667,5.151000022888184
1750760103.918114,inf,inf,0.7602499723434448,inf
1750760104.4073772,inf,inf,0.7577499747276306,5.166250228881836
1750760104.8074825,inf,inf,0.7599999904632568,5.175250053405762
1750760105.2954223,inf,inf,0.7599999904632568,5.172999858856201
1750760105.8721468,inf,inf,0.7587500214576721,5.177750110626221
1750760106.4500124,inf,inf,inf,inf
1750760106.9389148,inf,inf,inf,5.153500080108643
1750760107.5166209,inf,inf,inf,inf
1750760108.0935085,inf,inf,inf,inf
1750760108.5381925,inf,inf,inf,5.167749881744385
1750760109.1158395,inf,inf,0.7602499723434448,5.160250186920166
1750760109.6933336,inf,inf,0.7599999904632568,5.15625
1750760110.2705877,inf,inf,0.7592499852180481,5.150750160217285
1750760110.847272,inf,inf,0.7590000033378601,5.152500152587891
1750760111.3806317,inf,inf,0.7562500238418579,5.177000045776367
1750760111.914326,inf,inf,0.7609999775886536,inf
1750760112.4916215,inf,inf,0.7609999775886536,inf
1750760113.0694785,inf,inf,0.7605000138282776,5.155749797821045
1750760113.60192,inf,inf,0.7609999775886536,5.183499813079834
1750760114.1792436,inf,inf,0.7612500190734863,5.175000190734863
1750760114.7566183,inf,inf,0.7615000009536743,inf
1750760115.3341775,inf,inf,0.7607499957084656,5.144750118255615
1750760115.867216,inf,inf,0.7582499980926514,inf
1750760116.3110862,inf,inf,inf,5.1519999504089355
1750760116.8452923,inf,inf,inf,inf
1750760117.4222233,inf,inf,inf,5.151249885559082
1750760117.9995027,inf,inf,inf,5.164750099182129
1750760118.5772364,inf,inf,inf,5.1479997634887695
1750760119.1545563,inf,inf,inf,5.1585001945495605
1750760119.7321138,inf,inf,inf,5.14900016784668
1750760120.2646177,inf,inf,0.7837499976158142,5.151500225067139
1750760120.7974968,inf,inf,inf,5.144000053405762
1750760121.3758109,inf,inf,inf,5.139249801635742
1750760121.953272,inf,inf,inf,5.148499965667725
1750760122.3532083,inf,inf,inf,5.144999980926514
1750760122.8413725,inf,inf,0.7820000052452087,5.14900016784668
1750760123.2858386,inf,inf,0.7852500081062317,5.14900016784668
1750760123.6854277,inf,inf,inf,5.146500110626221
1750760124.2180278,inf,inf,inf,5.168499946594238
1750760124.751817,inf,inf,inf,5.1570000648498535
1750760125.3291292,inf,inf,inf,5.165249824523926
1750760125.9063005,inf,inf,0.7622500061988831,5.169750213623047
1750760126.4840386,inf,inf,inf,5.153250217437744
1750760127.0169218,inf,inf,inf,5.148749828338623
1750760127.505159,inf,inf,inf,5.1504998207092285
1750760128.0829947,inf,inf,inf,inf
1750760128.6606445,inf,inf,inf,inf
1750760129.2381122,inf,inf,0.7582499980926514,5.173500061035156
1750760129.8155143,inf,inf,0.7617499828338623,inf
1750760130.3930488,inf,inf,0.7622500061988831,5.156499862670898
1750760130.9701288,inf,inf,0.7627500295639038,5.1585001945495605
1750760131.4592922,inf,inf,0.762499988079071,5.154749870300293
1750760132.0366275,inf,inf,0.36774998903274536,5.153250217437744
1750760132.6140974,inf,inf,0.7627500295639038,5.156000137329102
1750760133.1469398,inf,inf,0.762499988079071,5.155250072479248
1750760133.5907557,inf,inf,0.7627500295639038,5.155749797821045
1750760134.124289,inf,inf,0.7622500061988831,5.163750171661377
1750760134.5688114,inf,inf,0.7639999985694885,5.161250114440918
1750760135.0132003,inf,inf,0.7639999985694885,5.16225004196167
1750760135.501021,inf,inf,0.7620000243186951,5.152249813079834
1750760135.9448688,inf,inf,0.762499988079071,5.1579999923706055
1750760136.3456874,inf,inf,0.7620000243186951,5.158999919891357
1750760136.8779418,inf,inf,0.7620000243186951,5.1595001220703125
1750760137.4556801,inf,inf,0.7639999985694885,5.158750057220459
1750760138.0327451,inf,inf,0.7617499828338623,5.159749984741211
1750760138.5667074,inf,inf,0.7620000243186951,5.164750099182129
1750760139.143851,inf,inf,0.7642499804496765,5.1519999504089355
1750760139.7216241,inf,inf,0.762499988079071,5.161250114440918
1750760140.2987344,inf,inf,0.7632499933242798,5.149750232696533
1750760140.875862,inf,inf,0.762499988079071,5.1579999923706055
1750760141.4535124,inf,inf,0.7622500061988831,5.16225004196167
1750760142.0308325,inf,inf,0.7632499933242798,5.151249885559082
1750760142.6083183,inf,inf,0.7632499933242798,5.167250156402588
1750760143.1856968,inf,inf,0.7630000114440918,5.165249824523926
1750760143.76316,inf,inf,0.7617499828338623,5.157249927520752
1750760144.296732,inf,inf,0.7630000114440918,5.166500091552734
1750760144.829834,inf,inf,0.7620000243186951,5.156750202178955
1750760145.3624492,inf,inf,0.7630000114440918,5.168499946594238
1750760145.8507009,inf,inf,0.7642499804496765,5.152249813079834
1750760146.4288964,inf,inf,0.762499988079071,5.167500019073486
1750760147.0063984,inf,inf,0.7639999985694885,5.149750232696533
1750760147.5834267,inf,inf,0.7620000243186951,5.15749979019165
1750760148.1606941,inf,inf,0.762499988079071,5.1585001945495605
1750760148.7383108,inf,inf,0.7639999985694885,5.146749973297119
1750760149.3159277,inf,inf,0.762499988079071,5.152750015258789
1750760149.8931394,inf,inf,0.7622500061988831,5.151750087738037
1750760150.4705987,inf,inf,0.7642499804496765,5.1620001792907715
1750760151.0043678,inf,inf,0.7642499804496765,5.160749912261963
1750760151.5817862,inf,inf,0.762499988079071,5.148499965667725
1750760152.159244,inf,inf,0.7649999856948853,5.152750015258789
1750760152.7363791,inf,inf,0.7632499933242798,5.146249771118164
1750760153.3141437,inf,inf,0.7637500166893005,5.149250030517578
1750760153.8914132,inf,inf,inf,5.149750232696533
1750760154.468871,inf,inf,0.7630000114440918,5.149250030517578
1750760154.9575653,inf,inf,0.7639999985694885,5.157249927520752
1750760155.5350673,inf,inf,0.7649999856948853,5.166749954223633
1750760156.1129105,inf,inf,0.7647500038146973,5.146500110626221
1750760156.6899986,inf,inf,0.7647500038146973,5.153500080108643
1750760157.267428,inf,inf,0.7647500038146973,5.15500020980835
1750760157.8446634,inf,inf,0.765999972820282,5.143750190734863
1750760158.4222791,inf,inf,0.765500009059906,5.1479997634887695
1750760158.9996583,inf,inf,0.7639999985694885,5.156499862670898
1750760159.5769603,inf,inf,0.7627500295639038,5.138750076293945
1750760160.1541915,inf,inf,0.7632499933242798,5.14300012588501
1750760160.7313101,inf,inf,0.7649999856948853,5.16225004196167
1750760161.2210324,inf,inf,0.7647500038146973,5.140500068664551
1750760161.6208103,inf,inf,0.7649999856948853,5.15024995803833
1750760162.0648303,inf,inf,0.7642499804496765,5.156750202178955
1750760162.5980487,inf,inf,0.7642499804496765,5.158999919891357
1750760163.1750252,inf,inf,0.7630000114440918,5.141250133514404
1750760163.7528796,inf,inf,0.7662500143051147,5.140250205993652
1750760164.329937,inf,inf,0.7645000219345093,5.159249782562256
1750760164.8190148,inf,inf,0.7649999856948853,5.1579999923706055
1750760165.3072467,inf,inf,0.7632499933242798,5.139999866485596
1750760165.7955794,inf,inf,0.7642499804496765,5.140999794006348
1750760166.373585,inf,inf,0.7642499804496765,5.145249843597412
1750760166.9509857,inf,inf,0.7634999752044678,5.142749786376953
1750760167.5287318,inf,inf,0.7639999985694885,5.145999908447266
1750760168.105908,inf,inf,0.765999972820282,inf
1750760168.6830282,inf,inf,0.7637500166893005,5.15500020980835
1750760169.2608268,inf,inf,0.7632499933242798,5.146249771118164
1750760169.8378832,inf,inf,0.7634999752044678,5.1554999351501465
1750760170.4153113,inf,inf,0.7627500295639038,5.145249843597412
1750760170.9490669,inf,inf,0.7617499828338623,5.139750003814697
1750760171.526688,inf,inf,0.7647500038146973,5.145750045776367
1750760172.1039128,inf,inf,0.7634999752044678,5.156499862670898
1750760172.6813142,inf,inf,0.7630000114440918,5.1539998054504395
1750760173.259005,inf,inf,0.7622500061988831,5.155749797821045
1750760173.791578,inf,inf,0.7630000114440918,5.145999908447266
1750760174.280511,inf,inf,0.7639999985694885,5.141499996185303
1750760174.8577614,inf,inf,0.7639999985694885,5.144000053405762
1750760175.4354215,inf,inf,0.7630000114440918,5.147749900817871
1750760175.9682214,inf,inf,0.7632499933242798,5.1545000076293945
1750760176.5454564,inf,inf,0.7639999985694885,5.143499851226807
1750760177.1228254,inf,inf,0.7642499804496765,5.156499862670898
1750760177.6568847,inf,inf,0.7630000114440918,5.15749979019165
1750760178.2340167,inf,inf,0.7637500166893005,5.139999866485596
1750760178.811517,inf,inf,0.7632499933242798,5.153500080108643
1750760179.38871,inf,inf,0.7630000114440918,5.146249771118164
1750760179.7884412,inf,inf,0.7649999856948853,5.154250144958496
1750760180.188804,inf,inf,0.765500009059906,5.147749900817871
1750760180.5885856,inf,inf,0.7645000219345093,5.146500110626221
1750760181.1207418,inf,inf,0.7634999752044678,5.142250061035156
1750760181.5208018,inf,inf,0.7632499933242798,5.147749900817871
1750760181.8767986,inf,inf,0.765500009059906,5.145500183105469
1750760182.2756174,inf,inf,0.7645000219345093,5.145750045776367
1750760182.7201128,inf,inf,0.7634999752044678,5.162499904632568
1750760183.119842,inf,inf,0.765500009059906,5.147749900817871
1750760183.697303,inf,inf,0.7639999985694885,5.144750118255615
1750760184.2748294,inf,inf,0.7645000219345093,5.141499996185303
1750760184.8523762,inf,inf,0.7634999752044678,5.154749870300293
1750760185.429476,inf,inf,0.765500009059906,5.149250030517578
1750760186.0071728,inf,inf,0.7639999985694885,5.150750160217285
1750760186.4513967,inf,inf,0.7649999856948853,5.14424991607666
1750760187.028805,inf,inf,0.7639999985694885,5.158249855041504
1750760187.6061234,inf,inf,0.765250027179718,5.161749839782715
1750760188.1836622,inf,inf,0.7642499804496765,5.1479997634887695
1750760188.5831866,inf,inf,0.7642499804496765,5.154749870300293
1750760189.1607394,inf,inf,0.7645000219345093,5.149750232696533
1750760189.694452,inf,inf,0.765500009059906,inf
1750760190.1832213,inf,inf,0.7630000114440918,5.148499965667725
1750760190.6708388,inf,inf,0.7645000219345093,5.1479997634887695
1750760191.1600144,inf,inf,0.7645000219345093,5.143499851226807
1750760191.7371414,inf,inf,0.7627500295639038,5.149250030517578
1750760192.1819758,inf,inf,0.7637500166893005,5.14300012588501
1750760192.7591999,inf,inf,0.765500009059906,5.156000137329102
1750760193.247664,inf,inf,0.7634999752044678,5.148250102996826
1750760193.8254569,inf,inf,0.7637500166893005,5.155749797821045
1750760194.3582387,inf,inf,0.7645000219345093,5.146249771118164
1750760194.8911028,inf,inf,0.7639999985694885,5.146249771118164
1750760195.380031,inf,inf,0.7645000219345093,5.149250030517578
1750760195.9569461,inf,inf,0.7632499933242798,5.161749839782715
1750760196.535167,inf,inf,0.765250027179718,5.156750202178955
1750760197.1125045,inf,inf,0.765500009059906,5.141749858856201
1750760197.5569177,inf,inf,0.7637500166893005,5.139249801635742
1750760198.0894737,inf,inf,0.43549999594688416,5.151249885559082
1750760198.667027,inf,inf,0.765749990940094,5.151500225067139
1750760199.1111922,inf,inf,0.7639999985694885,5.1529998779296875
1750760199.6441302,inf,inf,0.7649999856948853,5.139999866485596
1750760200.2215135,inf,inf,0.7634999752044678,5.151750087738037
1750760200.7543573,inf,inf,0.7645000219345093,5.142749786376953
1750760201.3326492,inf,inf,0.765749990940094,5.144499778747559
1750760201.9100268,inf,inf,0.7639999985694885,5.142749786376953
1750760202.48724,inf,inf,0.7634999752044678,5.156499862670898
1750760203.0646029,inf,inf,0.765749990940094,5.160749912261963
1750760203.6423926,inf,inf,0.7639999985694885,5.145750045776367
1750760204.2195206,inf,inf,0.7645000219345093,5.143499851226807
1750760204.797128,inf,inf,0.7639999985694885,5.164000034332275
1750760205.3742876,inf,inf,0.7630000114440918,5.150000095367432
1750760205.9515615,inf,inf,0.7634999752044678,5.151000022888184
1750760206.4854758,inf,inf,0.7637500166893005,5.1504998207092285
1750760207.0630207,inf,inf,0.7632499933242798,5.15024995803833
1750760207.5953956,inf,inf,0.7632499933242798,5.1519999504089355
1750760208.1729379,inf,inf,0.7637500166893005,5.161499977111816
1750760208.7505991,inf,inf,0.7637500166893005,5.1620001792907715
1750760209.2394722,inf,inf,0.7639999985694885,5.140250205993652
1750760209.8167605,inf,inf,0.7639999985694885,5.140250205993652
1750760210.349708,inf,inf,0.765999972820282,5.163249969482422
1750760210.8825333,inf,inf,0.7637500166893005,5.148499965667725
1750760211.4164631,inf,inf,0.7632499933242798,5.1554999351501465
1750760211.9934144,inf,inf,0.7630000114440918,5.1504998207092285
1750760212.5710154,inf,inf,0.7637500166893005,5.15024995803833
1750760213.1481779,inf,inf,0.7642499804496765,5.161749839782715
1750760213.7260025,inf,inf,0.765500009059906,inf
1750760214.2587943,inf,inf,0.7645000219345093,5.142000198364258
1750760214.7030175,inf,inf,0.7647500038146973,5.141749858856201
1750760215.1471286,inf,inf,0.7645000219345093,5.146749973297119
1750760215.7248316,inf,inf,0.7632499933242798,5.154749870300293
1750760216.3024704,inf,inf,0.7649999856948853,inf
1750760216.8794935,inf,inf,0.7649999856948853,5.159999847412109
1750760217.456794,inf,inf,0.7637500166893005,5.153500080108643
1750760217.9013932,inf,inf,0.7637500166893005,5.14900016784668
1750760218.301522,inf,inf,0.7637500166893005,5.156499862670898
1750760218.7895873,inf,inf,0.7632499933242798,5.14900016784668
1750760219.2785325,inf,inf,0.7647500038146973,5.1545000076293945
1750760219.8551033,inf,inf,0.7637500166893005,5.145999908447266
1750760220.4331892,inf,inf,0.7645000219345093,5.155749797821045
1750760221.010642,inf,inf,0.7630000114440918,5.164249897003174
1750760221.5877347,inf,inf,0.7632499933242798,5.164750099182129
1750760222.1653104,inf,inf,0.7637500166893005,5.156499862670898
1750760222.6542735,inf,inf,0.7642499804496765,5.1554999351501465
1750760223.2319896,inf,inf,0.7645000219345093,5.145249843597412
1750760223.8090982,inf,inf,0.7649999856948853,5.151500225067139
1750760224.3868256,inf,inf,0.7639999985694885,5.164999961853027
1750760224.9643493,inf,inf,inf,5.160749912261963
1750760225.5414536,inf,inf,inf,5.165750026702881
1750760226.1189933,inf,inf,0.7684999704360962,5.1519999504089355
1750760226.6959717,inf,inf,0.7647500038146973,5.146749973297119
1750760227.273563,inf,inf,inf,5.147749900817871
1750760227.807164,inf,inf,inf,inf
1750760228.3846183,inf,inf,inf,inf
1750760228.9620793,inf,inf,0.7649999856948853,5.150750160217285
1750760229.539383,inf,inf,inf,5.149499893188477
1750760230.1172092,inf,inf,0.7639999985694885,5.15024995803833
1750760230.693749,inf,inf,0.7634999752044678,5.146749973297119
1750760231.2715054,inf,inf,0.7632499933242798,5.145999908447266
1750760231.7163014,inf,inf,0.7615000009536743,5.140749931335449
1750760232.1158614,inf,inf,0.7649999856948853,5.148250102996826
1750760232.6486132,inf,inf,inf,5.145999908447266
1750760233.225908,inf,inf,inf,5.141749858856201
1750760233.8033447,inf,inf,0.765500009059906,inf
1750760234.3809533,inf,inf,0.7622500061988831,5.141499996185303
1750760234.914452,inf,inf,0.7639999985694885,5.1504998207092285
1750760235.4916966,inf,inf,0.15399999916553497,inf
1750760236.0695643,inf,inf,inf,inf
1750760236.6020865,inf,inf,inf,5.130000114440918
1750760237.1796508,inf,inf,0.15424999594688416,inf
1750760237.7568293,inf,inf,inf,5.145500183105469
1750760238.3344603,inf,inf,0.7609999775886536,5.152750015258789
1750760238.911625,inf,inf,0.7622500061988831,5.161499977111816
1750760239.2239811,inf,inf,0.7617499828338623,5.14900016784668
1750760239.7117796,inf,inf,0.7632499933242798,5.1585001945495605
1750760240.2449818,inf,inf,0.7620000243186951,5.146999835968018
1750760240.8214982,inf,inf,0.7615000009536743,5.145999908447266
1750760241.4000478,inf,inf,0.7617499828338623,5.15500020980835
1750760241.977126,inf,inf,inf,5.158249855041504
1750760242.554587,inf,inf,0.7620000243186951,5.145999908447266
1750760243.131854,inf,inf,0.7649999856948853,5.144000053405762
1750760243.7095418,inf,inf,0.7592499852180481,5.143750190734863
1750760244.287044,inf,inf,0.7590000033378601,5.144000053405762
1750760244.8642533,inf,inf,0.7615000009536743,5.153749942779541
1750760245.3086267,inf,inf,0.7615000009536743,5.15024995803833
1750760245.885377,inf,inf,0.7607499957084656,5.144000053405762
1750760246.463277,inf,inf,0.7617499828338623,5.150000095367432
1750760247.0409813,inf,inf,0.7605000138282776,5.14300012588501
1750760247.6184082,inf,inf,0.7609999775886536,5.144999980926514
1750760248.195411,inf,inf,0.7627500295639038,5.13824987411499
1750760248.729552,inf,inf,0.7607499957084656,5.144999980926514
1750760249.3068142,inf,inf,0.7605000138282776,5.149750232696533
1750760249.8839772,inf,inf,0.7599999904632568,5.152500152587891
1750760250.3720229,inf,inf,0.7607499957084656,5.145500183105469
1750760250.9051597,inf,inf,0.7599999904632568,5.1579999923706055
1750760251.4832523,inf,inf,0.7609999775886536,5.140250205993652
1750760252.060922,inf,inf,0.7607499957084656,5.140999794006348
1750760252.6380117,inf,inf,0.7607499957084656,5.1529998779296875
1750760253.2154858,inf,inf,0.7617499828338623,5.156750202178955
1750760253.792306,inf,inf,0.7620000243186951,5.145999908447266
1750760254.3257148,inf,inf,0.7627500295639038,5.13700008392334
1750760254.902662,inf,inf,0.7615000009536743,5.152500152587891
1750760255.347367,inf,inf,0.7609999775886536,5.1529998779296875
1750760255.8356876,inf,inf,0.7609999775886536,5.164999961853027
1750760256.4137628,inf,inf,0.7612500190734863,5.1479997634887695
1750760256.9912927,inf,inf,0.7612500190734863,5.151750087738037
1750760257.5686889,inf,inf,0.7602499723434448,5.141749858856201
1750760258.1013339,inf,inf,0.7615000009536743,5.149499893188477
1750760258.678771,inf,inf,0.7617499828338623,5.138000011444092
1750760259.2564754,inf,inf,0.7615000009536743,5.136499881744385
1750760259.7898605,inf,inf,0.7580000162124634,5.140749931335449
1750760260.3673525,inf,inf,0.7615000009536743,5.1479997634887695
1750760260.9440892,inf,inf,0.7627500295639038,inf
1750760261.5220785,inf,inf,0.7615000009536743,5.155749797821045
1750760262.0994718,inf,inf,0.7622500061988831,5.149250030517578
1750760262.6769516,inf,inf,0.762499988079071,5.145999908447266
1750760263.2542708,inf,inf,0.7574999928474426,5.142499923706055
1750760263.8318968,inf,inf,0.7620000243186951,5.144499778747559
1750760264.4092734,inf,inf,0.762499988079071,5.148749828338623
1750760264.9867802,inf,inf,0.7617499828338623,5.152500152587891
1750760265.2985873,inf,inf,0.7612500190734863,5.146249771118164
1750760265.697949,inf,inf,0.7609999775886536,5.137499809265137
1750760266.275448,inf,inf,0.7577499747276306,5.142250061035156
1750760266.8525562,inf,inf,0.7590000033378601,5.140749931335449
1750760267.4303145,inf,inf,0.762499988079071,5.148250102996826
1750760268.0072527,inf,inf,0.7607499957084656,5.156000137329102
1750760268.5851078,inf,inf,0.7627500295639038,5.103499889373779
1750760269.1625078,inf,inf,0.7602499723434448,5.159249782562256
1750760269.739533,inf,inf,0.7607499957084656,5.158999919891357
1750760270.3169272,inf,inf,0.7597500085830688,5.1519999504089355
1750760270.8052697,inf,inf,0.7599999904632568,5.145999908447266
1750760271.338734,inf,inf,0.7612500190734863,5.14900016784668
1750760271.9160569,inf,inf,0.7627500295639038,5.156499862670898
1750760272.4937384,inf,inf,0.7599999904632568,5.1595001220703125
1750760273.071185,inf,inf,0.7599999904632568,5.15024995803833
1750760273.605013,inf,inf,0.7627500295639038,5.145249843597412
1750760274.1821668,inf,inf,0.7630000114440918,5.1539998054504395
1750760274.759426,inf,inf,0.7605000138282776,5.142000198364258
1750760275.336844,inf,inf,0.7607499957084656,5.142000198364258
1750760275.913621,inf,inf,inf,5.141250133514404
1750760276.491083,inf,inf,0.7615000009536743,5.142250061035156
1750760277.0690026,inf,inf,0.7605000138282776,5.140500068664551
1750760277.646556,inf,inf,0.7627500295639038,5.125500202178955
1750760278.223795,inf,inf,0.7609999775886536,5.144999980926514
1750760278.8014984,inf,inf,0.7609999775886536,5.1585001945495605
1750760279.3349414,inf,inf,0.7607499957084656,5.153250217437744
1750760279.9122496,inf,inf,0.7615000009536743,5.138500213623047
1750760280.489948,inf,inf,0.7620000243186951,5.156000137329102
1750760281.0670261,inf,inf,0.7612500190734863,5.149250030517578
1750760281.6447132,inf,inf,0.7609999775886536,5.139999866485596
1750760282.2218456,inf,inf,0.7612500190734863,5.146249771118164
1750760282.7553396,inf,inf,0.7605000138282776,5.164000034332275
1750760283.154912,inf,inf,0.7595000267028809,5.143499851226807
1750760283.598975,inf,inf,inf,5.142499923706055
1750760284.043422,inf,inf,0.7605000138282776,5.155749797821045
1750760284.5311954,inf,inf,0.7627500295639038,5.152750015258789
1750760284.8437693,inf,inf,0.7605000138282776,5.1585001945495605
1750760285.2430687,inf,inf,0.7597500085830688,5.143249988555908
1750760285.6432586,inf,inf,0.7605000138282776,5.143750190734863
1750760286.2200263,inf,inf,0.7620000243186951,5.146999835968018
1750760286.7536469,inf,inf,0.7615000009536743,5.156499862670898
1750760287.3300579,inf,inf,0.7612500190734863,5.1479997634887695
1750760287.9075801,inf,inf,0.7597500085830688,5.142250061035156
1750760288.4853132,inf,inf,0.7607499957084656,5.15500020980835
1750760288.974094,inf,inf,0.7597500085830688,5.16225004196167
1750760289.374292,inf,inf,0.7609999775886536,5.142749786376953
1750760289.8621042,inf,inf,0.7612500190734863,5.148499965667725
1750760290.1742039,inf,inf,0.7602499723434448,5.153250217437744
1750760290.7508714,inf,inf,0.7622500061988831,5.158750057220459
1750760291.328197,inf,inf,0.7605000138282776,5.15625
1750760291.905867,inf,inf,0.7605000138282776,5.137249946594238
1750760292.483093,inf,inf,0.7605000138282776,5.154250144958496
1750760293.0604284,inf,inf,0.7602499723434448,5.141499996185303
1750760293.6382287,inf,inf,0.7620000243186951,5.153250217437744
1750760294.2150352,inf,inf,0.762499988079071,5.151500225067139
1750760294.7045984,inf,inf,0.7605000138282776,5.155250072479248
1750760295.1928325,inf,inf,0.7580000162124634,5.142749786376953
1750760295.7695968,inf,inf,0.7602499723434448,5.158750057220459
1750760296.303767,inf,inf,0.7584999799728394,5.150750160217285
1750760296.6588805,inf,inf,0.7605000138282776,5.159749984741211
1750760297.191459,inf,inf,0.7617499828338623,5.153250217437744
1750760297.768683,inf,inf,0.7599999904632568,5.141749858856201
1750760298.3465738,inf,inf,0.7602499723434448,5.152750015258789
1750760298.7463813,inf,inf,0.7607499957084656,5.153500080108643
1750760299.1462119,inf,inf,0.7607499957084656,5.138000011444092
1750760299.545767,inf,inf,0.7607499957084656,5.153500080108643
1750760299.9900348,inf,inf,0.7607499957084656,5.13700008392334
1750760300.4345138,inf,inf,0.7609999775886536,inf
1750760300.790264,inf,inf,0.7622500061988831,5.152500152587891
1750760301.367541,inf,inf,0.7602499723434448,5.143249988555908
1750760301.9444003,inf,inf,0.7605000138282776,5.154749870300293
1750760302.521881,inf,inf,0.7617499828338623,5.137249946594238
1750760303.0992334,inf,inf,0.7602499723434448,5.140999794006348
1750760303.676702,inf,inf,0.7612500190734863,5.148250102996826
1750760304.210368,inf,inf,0.7609999775886536,5.14424991607666
1750760304.787688,inf,inf,0.7602499723434448,5.15749979019165
1750760305.3654547,inf,inf,0.7605000138282776,5.154749870300293
1750760305.941832,inf,inf,0.7627500295639038,5.155749797821045
1750760306.475753,inf,inf,0.7612500190734863,5.158750057220459
1750760307.0529287,inf,inf,0.7605000138282776,5.137750148773193
1750760307.6301668,inf,inf,0.7602499723434448,5.138750076293945
1750760308.2076368,inf,inf,0.7612500190734863,5.152249813079834
1750760308.6966949,inf,inf,0.7607499957084656,5.156750202178955
1750760309.2741556,inf,inf,0.7602499723434448,5.142749786376953
1750760309.8513565,inf,inf,0.7615000009536743,5.153250217437744
1750760310.2963412,inf,inf,0.7607499957084656,5.137249946594238
1750760310.872508,inf,inf,0.7615000009536743,5.153749942779541
1750760311.406208,inf,inf,0.7605000138282776,5.14424991607666
1750760311.8949425,inf,inf,0.7582499980926514,5.143249988555908
1750760312.427789,inf,inf,0.7605000138282776,5.153250217437744
1750760313.0051975,inf,inf,0.7602499723434448,5.138000011444092
1750760313.582905,inf,inf,0.7607499957084656,5.13700008392334
1750760314.1601598,inf,inf,0.7630000114440918,5.146999835968018
1750760314.7374418,inf,inf,0.7620000243186951,5.147500038146973
1750760315.3146336,inf,inf,0.7605000138282776,5.15500020980835
1750760315.8485763,inf,inf,0.7609999775886536,5.1519999504089355
1750760316.4258175,inf,inf,0.7612500190734863,5.1529998779296875
1750760316.9144917,inf,inf,0.7590000033378601,5.148749828338623
1750760317.491535,inf,inf,0.7617499828338623,5.153500080108643
1750760318.0254772,inf,inf,0.762499988079071,5.1479997634887695
1750760318.6019177,inf,inf,0.7620000243186951,5.151750087738037
1750760319.1801064,inf,inf,0.7605000138282776,5.159999847412109
1750760319.7571821,inf,inf,0.7605000138282776,5.158750057220459
1750760320.3348782,inf,inf,0.7605000138282776,5.15500020980835
1750760320.911499,inf,inf,0.7605000138282776,5.1529998779296875
1750760321.4896374,inf,inf,0.7607499957084656,5.141749858856201
1750760322.0670397,inf,inf,0.762499988079071,5.151750087738037
1750760322.6443245,inf,inf,0.7609999775886536,5.154749870300293
1750760323.2216907,inf,inf,0.7599999904632568,5.143750190734863
1750760323.7553768,inf,inf,0.7607499957084656,5.156750202178955
1750760324.3332286,inf,inf,0.7602499723434448,5.146999835968018
1750760324.8210337,inf,inf,0.7620000243186951,5.151500225067139
1750760325.3099768,inf,inf,0.7605000138282776,5.1579999923706055
1750760325.6659303,inf,inf,0.7609999775886536,5.1585001945495605
1750760326.1979113,inf,inf,0.7605000138282776,5.136250019073486
1750760326.775712,inf,inf,0.7615000009536743,5.149250030517578
1750760327.3089757,inf,inf,0.7599999904632568,5.144999980926514
1750760327.8865287,inf,inf,0.7595000267028809,5.14900016784668
1750760328.4643648,inf,inf,0.7590000033378601,5.15024995803833
1750760329.0412533,inf,inf,0.7612500190734863,5.147500038146973
1750760329.6186836,inf,inf,0.7609999775886536,5.1545000076293945
1750760330.1961055,inf,inf,0.7607499957084656,5.1570000648498535
1750760330.5966487,inf,inf,0.7605000138282776,5.152750015258789
1750760331.1732392,inf,inf,0.7605000138282776,5.159749984741211
1750760331.7504585,inf,inf,0.7602499723434448,5.133749961853027
1750760332.3283293,inf,inf,0.7595000267028809,5.140999794006348
1750760332.9054582,inf,inf,0.7612500190734863,5.143750190734863
1750760333.4829369,inf,inf,0.7627500295639038,5.149250030517578
1750760334.016201,inf,inf,0.7630000114440918,5.124000072479248
1750760334.5938823,inf,inf,0.7599999904632568,5.140999794006348
1750760335.171293,inf,inf,0.7577499747276306,5.141499996185303
1750760335.748684,inf,inf,inf,5.142499923706055
1750760336.326096,inf,inf,0.7590000033378601,5.1504998207092285
1750760336.9037006,inf,inf,0.7602499723434448,5.15500020980835
1750760337.4808483,inf,inf,0.7615000009536743,5.15500020980835
1750760338.058599,inf,inf,0.7607499957084656,5.164999961853027
1750760338.6355398,inf,inf,0.7609999775886536,5.155250072479248
1750760339.2133594,inf,inf,0.7609999775886536,5.1519999504089355
1750760339.7466278,inf,inf,0.7615000009536743,5.1570000648498535
1750760340.3242104,inf,inf,0.7607499957084656,5.1504998207092285
1750760340.900867,inf,inf,0.7597500085830688,5.151000022888184
1750760341.479111,inf,inf,0.7597500085830688,5.159999847412109
1750760342.0563252,inf,inf,0.7607499957084656,5.143249988555908
1750760342.6337225,inf,inf,0.7607499957084656,5.1579999923706055
1750760343.2115402,inf,inf,0.7609999775886536,5.156499862670898
1750760343.7886653,inf,inf,0.7617499828338623,5.1554999351501465
1750760344.3661056,inf,inf,0.7599999904632568,5.1539998054504395
1750760344.9438066,inf,inf,0.7582499980926514,5.134250164031982
1750760345.4326322,inf,inf,0.7620000243186951,5.157249927520752
1750760345.9647198,inf,inf,0.7632499933242798,inf
1750760346.5428853,inf,inf,0.7607499957084656,5.115749835968018
1750760347.1202793,inf,inf,0.7620000243186951,5.14424991607666
1750760347.6974864,inf,inf,0.7607499957084656,5.149250030517578
1750760348.231264,inf,inf,0.7609999775886536,5.14424991607666
1750760348.8083835,inf,inf,0.7615000009536743,5.154749870300293
1750760349.3860984,inf,inf,0.7595000267028809,5.138500213623047
1750760349.9632423,inf,inf,0.7602499723434448,5.143750190734863
1750760350.5407667,inf,inf,0.7602499723434448,5.145999908447266
1750760351.1178467,inf,inf,0.7602499723434448,5.14900016784668
1750760351.6953664,inf,inf,0.7612500190734863,5.151249885559082
1750760352.2728057,inf,inf,0.7612500190734863,5.151000022888184
1750760352.8501592,inf,inf,0.7599999904632568,5.145249843597412
1750760353.4277673,inf,inf,0.7605000138282776,5.146500110626221
1750760353.9612427,inf,inf,0.7582499980926514,5.136250019073486
1750760354.5386922,inf,inf,0.7627500295639038,5.109499931335449
1750760355.1162813,inf,inf,0.7627500295639038,5.1479997634887695
1750760355.693654,inf,inf,0.7612500190734863,5.147500038146973
1750760356.2712216,inf,inf,0.7607499957084656,5.153500080108643
1750760356.8482852,inf,inf,0.7605000138282776,5.151000022888184
1750760357.4259071,inf,inf,0.7615000009536743,5.146999835968018
1750760358.0031555,inf,inf,0.7615000009536743,5.150750160217285
1750760358.580638,inf,inf,0.7599999904632568,5.1570000648498535
1750760359.1581628,inf,inf,0.7607499957084656,5.13824987411499
1750760359.7351553,inf,inf,0.7599999904632568,5.140749931335449
1750760360.2688878,inf,inf,0.7612500190734863,5.147749900817871
1750760360.8464491,inf,inf,0.7620000243186951,5.143750190734863
1750760361.4237745,inf,inf,0.7584999799728394,5.143249988555908
1750760362.001283,inf,inf,0.7584999799728394,5.144999980926514
1750760362.578647,inf,inf,0.7577499747276306,5.142499923706055
1750760363.156307,inf,inf,0.7612500190734863,5.146749973297119
1750760363.7331803,inf,inf,0.7602499723434448,5.151000022888184
1750760364.311053,inf,inf,0.7605000138282776,5.140999794006348
1750760364.75525,inf,inf,0.7584999799728394,5.143499851226807
1750760365.3330283,inf,inf,0.7622500061988831,5.14424991607666
1750760365.9096608,inf,inf,0.7615000009536743,5.146749973297119
1750760366.3551116,inf,inf,0.7602499723434448,5.1595001220703125
1750760366.8424602,inf,inf,0.7597500085830688,5.140500068664551
1750760367.3766594,inf,inf,0.7605000138282776,5.1579999923706055
1750760367.9086056,inf,inf,0.7607499957084656,5.1529998779296875
1750760368.3534307,inf,inf,0.7587500214576721,5.142499923706055
1750760368.9308267,inf,inf,0.7620000243186951,5.149750232696533
1750760369.5081246,inf,inf,0.7609999775886536,5.140749931335449
1750760370.0858915,inf,inf,0.7605000138282776,5.161499977111816
1750760370.6630998,inf,inf,0.7612500190734863,5.150000095367432
1750760371.196348,inf,inf,0.7615000009536743,5.1554999351501465
1750760371.640353,inf,inf,0.7607499957084656,5.141250133514404
1750760372.084661,inf,inf,0.7609999775886536,5.146500110626221
1750760372.48528,inf,inf,0.7622500061988831,5.141250133514404
1750760372.8846595,inf,inf,0.7607499957084656,5.155749797821045
1750760373.3729727,inf,inf,0.7615000009536743,5.145500183105469
1750760373.8613918,inf,inf,0.7612500190734863,5.1539998054504395
1750760374.393916,inf,inf,0.7607499957084656,5.153500080108643
1750760374.971753,inf,inf,0.7607499957084656,5.154250144958496
1750760375.5492353,inf,inf,0.7605000138282776,5.152750015258789
1750760376.1265259,inf,inf,inf,5.15500020980835
1750760376.571027,inf,inf,0.7599999904632568,5.137249946594238
1750760377.0598729,inf,inf,0.7622500061988831,5.145249843597412
1750760377.5927813,inf,inf,inf,5.140999794006348
1750760378.037842,inf,inf,0.7595000267028809,5.13824987411499
1750760378.6147196,inf,inf,0.7609999775886536,5.1504998207092285
1750760379.1478136,inf,inf,0.7609999775886536,5.1579999923706055
1750760379.5926566,inf,inf,0.762499988079071,5.153749942779541
1750760380.1241016,inf,inf,0.7609999775886536,5.145999908447266
1750760380.5690265,inf,inf,0.7602499723434448,5.14424991607666
1750760381.1462579,inf,0.25824999809265137,0.7622500061988831,5.153749942779541
1750760381.7236547,inf,inf,0.7605000138282776,5.153749942779541
1750760382.3010902,inf,inf,0.3774999976158142,5.142749786376953
1750760382.8338392,inf,0.3154999911785126,0.7622500061988831,5.150000095367432
1750760383.3680055,inf,0.29774999618530273,inf,5.142250061035156
1750760383.9448576,inf,0.2887499928474426,inf,inf
1750760384.5225995,inf,inf,inf,5.139500141143799
1750760385.099949,inf,inf,inf,inf
1750760385.677237,inf,inf,inf,5.144999980926514
1750760386.2100415,inf,inf,inf,5.143249988555908
1750760386.7873015,inf,inf,0.7622500061988831,5.146249771118164
1750760387.321481,inf,inf,0.7587500214576721,5.140500068664551
1750760387.8985379,inf,inf,0.7597500085830688,5.149250030517578
1750760388.4315257,inf,inf,0.7609999775886536,5.152750015258789
1750760388.8760796,inf,inf,0.7630000114440918,5.147749900817871
1750760389.45311,inf,inf,0.7602499723434448,5.151500225067139
1750760389.9858065,inf,inf,0.7612500190734863,5.157249927520752
1750760390.5631764,inf,inf,0.7612500190734863,5.144499778747559
1750760391.1409512,inf,inf,0.7617499828338623,5.145249843597412
1750760391.7178216,inf,inf,0.7612500190734863,5.147500038146973
1750760392.2519035,inf,inf,0.7615000009536743,5.142000198364258
1750760392.7399008,inf,inf,0.7617499828338623,5.145249843597412
1750760393.229035,inf,inf,0.7622500061988831,5.143499851226807
1750760393.8062806,inf,inf,0.7637500166893005,5.151249885559082
1750760394.383605,inf,inf,0.7592499852180481,5.1504998207092285
1750760394.9609692,inf,inf,0.7580000162124634,5.144750118255615
1750760395.5386002,inf,inf,0.7582499980926514,5.149499893188477
1750760396.1158047,inf,inf,0.7637500166893005,5.149499893188477
1750760396.6931531,inf,inf,0.7622500061988831,5.146999835968018
1750760397.2705696,inf,inf,0.7620000243186951,5.139500141143799
1750760397.8482013,inf,inf,0.765500009059906,5.144750118255615
1750760398.381695,inf,inf,0.7642499804496765,5.145999908447266
1750760398.959493,inf,inf,0.7642499804496765,5.145249843597412
1750760399.5368886,inf,inf,0.7622500061988831,5.143750190734863
1750760400.0250235,inf,inf,0.762499988079071,5.14300012588501
1750760400.6019123,inf,inf,0.7617499828338623,5.142749786376953
1750760401.135863,inf,inf,0.7620000243186951,5.138999938964844
1750760401.7130702,inf,inf,0.7615000009536743,5.144499778747559
1750760402.2906106,inf,inf,0.7587500214576721,5.14300012588501
1750760402.868234,inf,inf,0.7617499828338623,5.143499851226807
1750760403.4453683,inf,inf,inf,5.090250015258789
1750760404.023058,inf,inf,inf,5.151000022888184
1750760404.6000316,inf,inf,inf,inf
1750760405.1778505,inf,inf,inf,inf
1750760405.7553647,inf,inf,inf,inf
1750760406.3322585,inf,inf,inf,5.139500141143799
1750760406.8665931,1.5049999952316284,inf,inf,5.157750129699707
1750760407.2657437,1.5087499618530273,inf,inf,5.14300012588501
1750760407.798483,inf,inf,inf,5.142499923706055
1750760408.3758383,inf,inf,inf,inf
1750760408.8204005,inf,inf,0.7680000066757202,5.141250133514404
1750760409.3534544,inf,inf,inf,5.1605000495910645
1750760409.885837,inf,inf,inf,5.151000022888184
1750760410.4200637,inf,inf,inf,5.151750087738037
1750760410.99636,inf,inf,inf,5.149499893188477
1750760411.397299,inf,inf,inf,5.14900016784668
1750760411.885034,inf,inf,inf,5.142749786376953
1750760412.3301187,inf,inf,0.7599999904632568,5.159249782562256
1750760412.7741058,inf,inf,inf,5.151750087738037
1750760413.1738534,inf,inf,inf,inf
1750760413.6621172,inf,inf,inf,5.148749828338623
1750760414.1057584,inf,inf,0.34825000166893005,5.1579999923706055
1750760414.6836648,inf,inf,0.3462499976158142,5.158249855041504
1750760415.217018,inf,0.2434999942779541,inf,5.132750034332275
1750760415.6609135,inf,inf,inf,inf
1750760416.1496012,inf,inf,0.3465000092983246,5.1545000076293945
1750760416.7267334,inf,inf,inf,inf
1750760417.3050508,inf,inf,0.3474999964237213,5.154749870300293
1750760417.882176,inf,inf,inf,inf
1750760418.2821898,inf,inf,0.7797499895095825,5.16349983215332
1750760418.682269,inf,inf,inf,5.159249782562256
1750760419.2145371,1.5119999647140503,inf,inf,5.146500110626221
1750760419.7923546,inf,inf,inf,5.159749984741211
1750760420.281379,inf,inf,inf,5.1519999504089355
1750760420.8587203,inf,inf,0.7612500190734863,5.146249771118164
1750760421.3914013,inf,inf,0.7622500061988831,5.149750232696533
1750760421.9688663,inf,inf,0.7620000243186951,5.1479997634887695
1750760422.5459046,inf,inf,0.7552499771118164,5.154250144958496
1750760423.1233227,inf,inf,0.7587500214576721,5.1554999351501465
1750760423.7005086,inf,inf,inf,5.151500225067139
1750760424.2344546,inf,inf,inf,5.1579999923706055
1750760424.811751,inf,inf,0.7615000009536743,5.148749828338623
1750760425.3892913,inf,inf,0.7609999775886536,5.148749828338623
1750760425.9660141,inf,inf,inf,5.149499893188477
1750760426.4993088,inf,inf,0.7615000009536743,5.144999980926514
1750760427.0767443,inf,inf,0.7605000138282776,5.143750190734863
1750760427.6537724,inf,inf,0.7582499980926514,5.143750190734863
1750760428.1880486,inf,inf,inf,5.150750160217285
1750760428.7652338,inf,inf,0.7607499957084656,5.14424991607666
1750760429.2981071,inf,inf,inf,5.1585001945495605
1750760429.8755615,inf,inf,0.7612500190734863,5.150750160217285
1750760430.4530966,inf,inf,0.7622500061988831,5.164750099182129
1750760431.0298615,inf,inf,inf,5.151249885559082
1750760431.6077743,inf,inf,0.7607499957084656,5.140749931335449
1750760432.1413462,inf,inf,0.7599999904632568,5.1554999351501465
1750760432.6748254,inf,inf,0.7612500190734863,5.1519999504089355
1750760433.2514353,inf,inf,0.7595000267028809,5.1554999351501465
1750760433.8287356,inf,inf,0.7607499957084656,5.1539998054504395
1750760434.4066544,inf,inf,0.7587500214576721,5.1545000076293945
1750760434.9837883,inf,inf,inf,5.155250072479248
1750760435.4727154,inf,inf,0.7595000267028809,5.145500183105469
1750760435.8288403,inf,inf,inf,5.155250072479248
1750760436.405007,inf,inf,inf,5.154749870300293
1750760436.982866,inf,inf,inf,5.164000034332275
1750760437.4716551,inf,inf,0.7622500061988831,5.16349983215332
1750760438.0047932,inf,inf,0.7622500061988831,5.156750202178955
1750760438.5818503,inf,inf,0.7597500085830688,5.164249897003174
1750760439.1591969,inf,inf,0.7612500190734863,5.147749900817871
1750760439.7365685,inf,inf,inf,5.157249927520752
1750760440.3141935,inf,inf,0.7642499804496765,5.153500080108643
1750760440.7138703,inf,inf,0.7595000267028809,5.15024995803833
1750760441.2026877,inf,inf,inf,5.157750129699707
1750760441.780197,inf,inf,0.7692499756813049,5.1554999351501465
1750760442.3576233,inf,inf,inf,5.155250072479248
1750760442.9345627,inf,inf,0.762499988079071,5.148749828338623
1750760443.5123665,inf,inf,inf,5.1585001945495605
1750760444.089946,inf,inf,inf,5.15625
1750760444.6674285,inf,inf,0.7605000138282776,5.139750003814697
1750760445.244726,inf,inf,0.7605000138282776,5.151500225067139
1750760445.8224049,inf,inf,0.7584999799728394,5.147749900817871
1750760446.2224343,inf,inf,0.7595000267028809,5.152249813079834
1750760446.6664753,inf,inf,inf,5.1545000076293945
1750760447.2432265,inf,inf,0.7615000009536743,5.144999980926514
1750760447.8211446,inf,inf,0.7607499957084656,5.144750118255615
1750760448.3105114,inf,inf,0.7597500085830688,5.156499862670898
1750760448.8876824,inf,inf,0.7607499957084656,5.142749786376953
1750760449.4645243,inf,inf,0.7607499957084656,5.149250030517578
1750760449.9976344,inf,inf,0.7609999775886536,5.147500038146973
1750760450.575148,inf,inf,inf,5.156499862670898
1750760451.1525824,inf,inf,inf,5.154250144958496
1750760451.6862805,inf,inf,0.7570000290870667,5.1570000648498535
1750760452.2635574,inf,inf,0.7607499957084656,5.14424991607666
1750760452.8413684,inf,inf,0.7597500085830688,5.143249988555908
1750760453.3744416,inf,inf,inf,5.148749828338623
1750760453.9063244,inf,inf,0.7620000243186951,5.1645002365112305
1750760454.440806,inf,inf,0.7599999904632568,5.148250102996826
1750760454.972585,1.5190000534057617,inf,0.7632499933242798,5.151500225067139
1750760455.5506124,inf,inf,0.7609999775886536,5.14900016784668
1750760456.1274447,inf,inf,0.7574999928474426,5.139999866485596
1750760456.7054539,inf,inf,inf,5.139750003814697
1750760457.2826962,inf,inf,0.7622500061988831,5.149250030517578
1750760457.8600152,inf,0.2697499990463257,inf,inf
1750760458.3936744,inf,inf,inf,inf
1750760458.793533,inf,inf,inf,5.158249855041504
1750760459.236882,inf,inf,0.7839999794960022,5.145750045776367
1750760459.6813397,inf,inf,inf,5.146749973297119
1750760460.0813277,inf,inf,0.3642500042915344,5.155250072479248
1750760460.5258987,inf,inf,0.36274999380111694,5.142250061035156
1750760461.0581064,inf,inf,0.33500000834465027,5.158750057220459
1750760461.6358461,inf,inf,0.7612500190734863,5.166500091552734
1750760462.2134829,inf,inf,0.7602499723434448,5.149499893188477
1750760462.7906206,inf,inf,0.7615000009536743,5.139500141143799
1750760463.3243127,inf,inf,inf,5.139750003814697
1750760463.8572319,inf,inf,0.7615000009536743,5.160749912261963
1750760464.3900952,inf,inf,inf,5.147749900817871
1750760464.9674091,inf,inf,0.7597500085830688,5.160999774932861
1750760465.5015867,inf,inf,0.7607499957084656,5.140500068664551
1750760466.033157,inf,inf,0.7609999775886536,5.157249927520752
1750760466.6115472,inf,inf,0.7582499980926514,5.154749870300293
1750760467.1881294,inf,inf,0.7599999904632568,5.160999774932861
1750760467.7662926,inf,inf,0.7622500061988831,5.1545000076293945
1750760468.3432543,inf,inf,0.7605000138282776,5.141250133514404
1750760468.9208543,inf,inf,0.7609999775886536,5.1585001945495605
1750760469.4544816,inf,inf,0.7587500214576721,5.142000198364258
1750760470.0319495,inf,inf,0.7602499723434448,5.161749839782715
1750760470.6097143,inf,inf,inf,5.147250175476074
1750760471.186462,inf,inf,0.7582499980926514,5.1579999923706055
1750760471.7645957,inf,inf,0.7605000138282776,5.158750057220459
1750760472.341352,inf,inf,inf,5.143249988555908
1750760472.9192452,inf,inf,0.7599999904632568,5.14424991607666
1750760473.4966507,inf,inf,0.7622500061988831,5.15625
1750760474.0737486,inf,inf,0.7607499957084656,5.158249855041504
1750760474.6510355,inf,inf,0.7609999775886536,5.15749979019165
1750760475.228119,inf,inf,inf,5.147250175476074
1750760475.7624679,inf,inf,0.7620000243186951,5.153250217437744
1750760476.2949681,1.5149999856948853,inf,0.7622500061988831,5.150000095367432
1750760476.8726912,inf,inf,0.7605000138282776,5.164249897003174
1750760477.4495523,inf,inf,0.7630000114440918,5.146249771118164
1750760478.02713,inf,inf,0.7599999904632568,5.1579999923706055
1750760478.6044488,inf,inf,0.7602499723434448,5.146249771118164
1750760479.1820087,inf,inf,0.7607499957084656,5.163249969482422
1750760479.715883,inf,inf,0.7605000138282776,5.144999980926514
1750760480.2483468,inf,inf,0.762499988079071,5.154749870300293
1750760480.8258858,inf,inf,0.7602499723434448,5.145500183105469
1750760481.3585217,inf,inf,0.7602499723434448,5.144999980926514
1750760481.8921554,inf,inf,0.7605000138282776,5.16349983215332
1750760482.4699898,inf,inf,0.7630000114440918,5.148250102996826
1750760483.047362,inf,inf,0.7609999775886536,5.163249969482422
1750760483.6244752,inf,inf,0.7605000138282776,5.159249782562256
1750760484.1574652,inf,inf,0.7584999799728394,5.139500141143799
1750760484.6465402,inf,inf,0.7609999775886536,5.142499923706055
1750760485.2236986,inf,inf,0.7617499828338623,5.153749942779541
1750760485.8012657,inf,inf,0.7612500190734863,5.153250217437744
1750760486.378454,inf,inf,0.7607499957084656,5.142749786376953
1750760486.9560115,inf,inf,0.7607499957084656,5.152750015258789
1750760487.53325,inf,inf,0.7605000138282776,5.144999980926514
1750760488.066542,inf,inf,0.7607499957084656,5.143499851226807
1750760488.5997021,inf,inf,0.7492499947547913,5.1579999923706055
1750760489.1772187,inf,inf,0.7607499957084656,5.153250217437744
1750760489.7549531,inf,inf,0.762499988079071,5.159749984741211
1750760490.2873397,inf,inf,0.7605000138282776,5.154749870300293
1750760490.8648663,inf,inf,0.7602499723434448,5.14900016784668
1750760491.3539364,inf,inf,0.7630000114440918,5.151249885559082
1750760491.9310758,inf,inf,0.7584999799728394,5.15024995803833
1750760492.4639814,inf,inf,0.7602499723434448,5.1545000076293945
1750760493.0412574,inf,inf,0.7615000009536743,5.145500183105469
1750760493.6186361,inf,inf,0.7599999904632568,5.147749900817871
1750760494.1961281,inf,inf,0.7617499828338623,5.153500080108643
1750760494.7731402,inf,inf,0.7605000138282776,5.151500225067139
1750760495.3072422,inf,inf,0.7605000138282776,5.1554999351501465
1750760495.8844604,inf,inf,0.7592499852180481,5.161250114440918
1750760496.4621494,inf,inf,0.7605000138282776,5.140749931335449
1750760497.0392497,inf,inf,0.7599999904632568,5.152750015258789
1750760497.6169803,inf,inf,0.7609999775886536,5.145249843597412
1750760498.194636,inf,inf,0.7574999928474426,5.142000198364258
1750760498.7712607,inf,inf,inf,5.152500152587891
1750760499.34884,inf,inf,inf,5.160999774932861
1750760499.9264467,inf,inf,inf,5.156000137329102
1750760500.5037413,inf,inf,inf,5.146249771118164
1750760501.037049,inf,inf,inf,5.145500183105469
1750760501.6148705,inf,inf,inf,inf
1750760502.1923316,inf,inf,inf,5.140749931335449
1750760502.7691348,inf,inf,inf,5.145500183105469
1750760503.3469744,inf,inf,inf,5.140999794006348
1750760503.9247818,inf,inf,inf,5.151500225067139
1750760504.501668,inf,inf,inf,5.146249771118164
1750760505.0792575,inf,inf,inf,inf
1750760505.6565728,inf,inf,inf,5.14300012588501
1750760506.234021,inf,inf,inf,5.142749786376953
1750760506.7229748,inf,inf,inf,inf
1750760507.300387,inf,inf,inf,inf
1750760507.8774354,inf,inf,inf,5.143249988555908
1750760508.4550893,1.5167499780654907,inf,inf,5.145750045776367
1750760509.0325823,inf,inf,inf,inf
1750760509.6100328,inf,inf,inf,inf
1750760510.1874251,inf,inf,inf,5.14424991607666
1750760510.764631,inf,inf,inf,5.144499778747559
1750760511.2987373,inf,inf,0.7612500190734863,5.1539998054504395
1750760511.8758397,inf,inf,0.7617499828338623,5.1504998207092285
1750760512.3648562,inf,inf,0.7620000243186951,5.145500183105469
1750760512.9414892,inf,inf,0.7605000138282776,5.1539998054504395
1750760513.4754202,inf,inf,0.7597500085830688,5.144750118255615
1750760514.0080895,inf,inf,0.7599999904632568,5.161499977111816
1750760514.4526668,inf,inf,0.7602499723434448,5.160749912261963
1750760514.9855654,inf,inf,0.7602499723434448,5.161499977111816
1750760515.562709,inf,inf,inf,5.153250217437744
1750760516.13968,inf,inf,0.7597500085830688,5.148499965667725
1750760516.7172573,inf,inf,0.7599999904632568,5.152249813079834
1750760517.2948372,inf,inf,0.7597500085830688,5.151249885559082
1750760517.872107,inf,inf,inf,5.1545000076293945
1750760518.405729,inf,inf,0.7597500085830688,5.149499893188477
1750760518.9831102,inf,inf,0.7597500085830688,5.156499862670898
1750760519.5606413,inf,inf,0.7570000290870667,5.151750087738037
1750760520.138195,inf,inf,inf,5.153749942779541
1750760520.715442,inf,inf,inf,5.16949987411499
1750760521.248325,inf,inf,0.7574999928474426,5.167500019073486
1750760521.8257148,inf,inf,0.38075000047683716,5.1479997634887695
1750760522.359495,1.5152499675750732,inf,0.7440000176429749,5.148250102996826
1750760522.936657,inf,inf,0.7567499876022339,5.146999835968018
1750760523.5143955,inf,inf,0.7590000033378601,5.165249824523926
1750760524.091492,inf,inf,0.7562500238418579,inf
1750760524.6241302,inf,inf,0.7590000033378601,5.168749809265137
1750760525.2012782,inf,inf,0.7565000057220459,5.15500020980835
1750760525.7788548,inf,inf,0.7567499876022339,5.164000034332275
1750760526.3127422,inf,inf,0.7559999823570251,5.150750160217285
1750760526.8453884,inf,inf,0.7584999799728394,inf
1750760527.4222896,inf,inf,0.7562500238418579,5.174749851226807
1750760527.8673484,inf,inf,0.7587500214576721,5.156750202178955
1750760528.4000456,inf,inf,0.7592499852180481,5.150000095367432
1750760528.9773757,inf,inf,0.734749972820282,5.1605000495910645
1750760529.5551171,inf,inf,0.734499990940094,5.168000221252441
1750760530.043294,inf,inf,0.7582499980926514,5.167250156402588
1750760530.6215765,inf,inf,inf,5.169750213623047
1750760531.0206788,inf,inf,0.7444999814033508,5.167749881744385
1750760531.5984294,inf,inf,0.753250002861023,5.165999889373779
1750760532.1763453,inf,inf,0.7540000081062317,5.157249927520752
1750760532.7532415,inf,inf,inf,5.166250228881836
1750760533.330871,inf,inf,0.7559999823570251,5.145999908447266
1750760533.8634539,inf,inf,0.7562500238418579,5.162499904632568
1750760534.397422,inf,inf,0.7555000185966492,5.156000137329102
1750760534.9745457,inf,inf,0.7562500238418579,5.201250076293945
1750760535.5515265,inf,inf,0.7552499771118164,5.170249938964844
1750760536.1286285,inf,inf,0.7572500109672546,5.166749954223633
1750760536.6622186,inf,inf,0.7587500214576721,5.1570000648498535
1750760537.2396903,inf,inf,0.7544999718666077,5.161749839782715
1750760537.816895,inf,inf,0.7592499852180481,5.159999847412109
1750760538.3059921,inf,inf,0.7590000033378601,5.1554999351501465
1750760538.8836799,inf,inf,0.7559999823570251,5.167250156402588
1750760539.4606452,inf,inf,0.7442499995231628,5.175000190734863
1750760540.0377784,inf,inf,0.7557500004768372,5.164000034332275
1750760540.5272028,inf,inf,0.7572500109672546,5.1595001220703125
1750760541.1039004,inf,inf,0.7572500109672546,5.168749809265137
1750760541.6820886,inf,inf,inf,5.142250061035156
1750760542.2595325,inf,inf,0.7590000033378601,5.148499965667725
1750760542.836865,inf,inf,inf,5.149499893188477
1750760543.4141383,inf,inf,0.7447500228881836,5.167500019073486
1750760543.9911728,inf,inf,0.7542499899864197,5.16825008392334
1750760544.5695577,inf,inf,0.7584999799728394,5.155749797821045
1750760545.058188,inf,inf,0.7475000023841858,5.1529998779296875
1750760545.5462234,inf,inf,0.753250002861023,5.152750015258789
1750760545.990856,inf,inf,0.7582499980926514,5.166500091552734
1750760546.5234168,inf,inf,0.7582499980926514,5.166500091552734
1750760547.0127206,inf,inf,0.7590000033378601,5.16349983215332
1750760547.5899107,inf,inf,0.7444999814033508,5.197249889373779
1750760548.1676574,inf,inf,0.7584999799728394,5.166999816894531
1750760548.7443368,inf,inf,0.7587500214576721,5.151000022888184
1750760549.3220978,inf,inf,0.7592499852180481,5.169000148773193
1750760549.8997862,inf,inf,0.7567499876022339,5.164000034332275
1750760550.4769366,inf,inf,0.7444999814033508,5.154250144958496
1750760551.0538466,inf,inf,0.7565000057220459,5.165500164031982
1750760551.6315312,inf,inf,0.7582499980926514,5.149250030517578
1750760552.1656787,inf,inf,0.7557500004768372,5.1620001792907715
1750760552.7426562,inf,inf,0.7570000290870667,5.170249938964844
1750760553.3203232,inf,inf,0.7527499794960022,5.172999858856201
1750760553.8977904,inf,inf,0.7570000290870667,5.161250114440918
1750760554.474993,inf,inf,0.7552499771118164,5.163750171661377
1750760555.0523815,inf,inf,0.7394999861717224,inf
1750760555.629569,inf,inf,0.7567499876022339,5.154250144958496
1750760556.206982,1.5117499828338623,inf,0.7595000267028809,5.145999908447266
1750760556.784902,inf,inf,0.7350000143051147,5.1585001945495605
1750760557.3619447,inf,inf,0.7592499852180481,5.165249824523926
1750760557.895678,inf,inf,inf,5.1645002365112305
1750760558.4729419,inf,inf,0.7567499876022339,5.172500133514404
1750760559.0503612,inf,inf,0.7442499995231628,5.161749839782715
1750760559.627749,inf,inf,0.7570000290870667,inf
1750760560.2051816,inf,inf,0.7590000033378601,5.142499923706055
1750760560.782757,inf,inf,0.7587500214576721,5.171000003814697
1750760561.359915,inf,inf,0.7582499980926514,5.144000053405762
1750760561.9374852,inf,inf,0.7570000290870667,5.147500038146973
1750760562.514671,inf,inf,0.7540000081062317,5.161499977111816
1750760562.9591336,inf,inf,0.7584999799728394,inf
1750760563.4923227,inf,inf,inf,5.190000057220459
1750760564.069284,inf,inf,0.7590000033378601,5.144000053405762
1750760564.6034288,inf,inf,0.734749972820282,5.171999931335449
1750760565.180525,inf,inf,inf,5.15024995803833
1750760565.758227,inf,inf,0.7442499995231628,5.154250144958496
1750760566.2460918,inf,inf,0.7584999799728394,5.151500225067139
1750760566.779947,inf,inf,0.7584999799728394,5.157750129699707
1750760567.3572078,inf,inf,inf,5.165249824523926
1750760567.9347978,inf,inf,inf,5.142000198364258
1750760568.511799,inf,inf,0.7442499995231628,5.16349983215332
1750760569.0892246,inf,inf,inf,5.141250133514404
1750760569.6666567,inf,inf,0.7567499876022339,5.154250144958496
1750760570.2442212,inf,inf,0.7587500214576721,5.142499923706055
1750760570.8215141,inf,inf,0.7590000033378601,5.141749858856201
1750760571.3987825,inf,inf,inf,5.154749870300293
1750760571.9764614,inf,inf,0.7590000033378601,5.158999919891357
1750760572.4653137,inf,inf,inf,5.1620001792907715
1750760572.9534888,inf,inf,0.7557500004768372,5.164000034332275
1750760573.3978994,inf,inf,0.7565000057220459,5.153749942779541
1750760573.8872464,inf,inf,0.7597500085830688,5.161499977111816
1750760574.4645774,1.5097500085830688,inf,0.7590000033378601,5.138500213623047
1750760575.0420005,inf,inf,inf,5.142250061035156
1750760575.6191077,inf,inf,0.7580000162124634,5.1529998779296875
1750760576.1962066,inf,inf,inf,5.163000106811523
1750760576.774343,inf,inf,0.7447500228881836,5.15024995803833
1750760577.3514092,inf,inf,0.7570000290870667,5.16225004196167
1750760577.9285119,inf,inf,0.7584999799728394,5.160250186920166
1750760578.5061195,inf,inf,0.7549999952316284,5.166999816894531
1750760579.0834281,inf,inf,inf,5.166500091552734
1750760579.6171553,inf,inf,0.7572500109672546,5.16349983215332
1750760580.1946301,inf,inf,0.7597500085830688,5.170249938964844
1750760580.5946307,inf,inf,0.7584999799728394,5.146749973297119
1750760580.994363,inf,inf,0.7450000047683716,5.142250061035156
1750760581.5271938,inf,inf,inf,5.153500080108643
1750760581.9721372,inf,inf,0.7475000023841858,5.16949987411499
1750760582.504168,inf,inf,inf,5.163000106811523
1750760582.9041908,inf,inf,0.7577499747276306,5.168499946594238
1750760583.2600782,inf,inf,0.7595000267028809,5.153749942779541
1750760583.6591215,inf,inf,0.7597500085830688,5.161499977111816
1750760584.103544,inf,inf,inf,5.165750026702881
1750760584.5480292,inf,inf,0.7597500085830688,5.165500164031982
1750760584.9033911,inf,inf,0.7577499747276306,5.166250228881836
1750760585.303188,inf,inf,0.7599999904632568,5.146999835968018
1750760585.7026649,inf,inf,0.7565000057220459,5.163750171661377
1750760586.1017797,inf,inf,0.7592499852180481,5.168000221252441
1750760586.6355393,inf,inf,inf,5.165500164031982
1750760587.2129707,inf,inf,inf,5.167500019073486
1750760587.7901688,inf,inf,0.7597500085830688,5.164249897003174
1750760588.3678143,inf,inf,0.7597500085830688,5.163000106811523
1750760588.9446685,inf,inf,0.7577499747276306,5.149750232696533
1750760589.389137,inf,inf,0.7602499723434448,5.150000095367432
1750760589.7888763,inf,inf,0.7597500085830688,5.166250228881836
1750760590.2341793,inf,inf,0.7609999775886536,5.164000034332275
1750760590.8112645,inf,inf,0.7597500085830688,5.165500164031982
1750760591.3438656,inf,inf,0.7602499723434448,5.162749767303467
1750760591.7883363,inf,inf,inf,5.151750087738037
1750760592.2325516,inf,inf,0.7597500085830688,5.16349983215332
1750760592.7655904,inf,inf,0.7602499723434448,5.161250114440918
1750760593.210033,inf,inf,0.7357500195503235,5.1554999351501465
1750760593.609748,inf,inf,0.7572500109672546,5.145750045776367
1750760594.186862,inf,inf,0.7597500085830688,5.1570000648498535
1750760594.675164,inf,inf,0.7599999904632568,5.142250061035156
1750760595.164099,inf,inf,0.7609999775886536,5.149250030517578
1750760595.7416463,inf,inf,0.7582499980926514,5.158750057220459
1750760596.2746646,inf,inf,inf,5.143750190734863
1750760596.7632668,inf,inf,0.7607499957084656,5.149499893188477
1750760597.3409355,1.5145000219345093,inf,0.7582499980926514,5.142749786376953
1750760597.918463,inf,inf,0.7595000267028809,5.1529998779296875
1750760598.4956205,inf,inf,0.7609999775886536,5.145500183105469
1750760599.0731483,inf,inf,inf,5.151500225067139
1750760599.650708,inf,inf,0.7595000267028809,5.148749828338623
1750760600.2274232,inf,inf,0.7572500109672546,5.168000221252441
1750760600.8055427,inf,inf,0.7577499747276306,5.1554999351501465
1750760601.3824496,inf,inf,0.7587500214576721,5.1554999351501465
1750760601.9163992,inf,inf,0.7590000033378601,5.160250186920166
1750760602.493637,inf,inf,inf,5.158999919891357
1750760603.0710063,inf,inf,0.7602499723434448,5.150750160217285
1750760603.64886,inf,inf,0.7582499980926514,5.139999866485596
1750760604.226004,inf,inf,0.7584999799728394,5.163249969482422
1750760604.8032265,inf,inf,0.7597500085830688,5.136750221252441
1750760605.3359387,inf,inf,0.7609999775886536,5.146749973297119
1750760605.8701832,inf,inf,0.7595000267028809,5.159999847412109
1750760606.4025023,inf,inf,0.7595000267028809,5.1504998207092285
1750760606.980135,inf,inf,inf,5.1529998779296875
1750760607.3797567,inf,inf,0.7574999928474426,5.153749942779541
1750760607.824115,inf,inf,0.7597500085830688,5.141749858856201
1750760608.224129,inf,inf,0.7597500085830688,5.139249801635742
1750760608.801396,inf,inf,0.7570000290870667,5.167500019073486
1750760609.3786697,1.5175000429153442,inf,0.7605000138282776,5.138500213623047
1750760609.956096,inf,inf,0.7577499747276306,5.16825008392334
1750760610.5336273,inf,inf,0.7595000267028809,5.152750015258789
1750760611.1104774,inf,inf,0.7602499723434448,5.145500183105469
1750760611.6883264,inf,inf,0.7602499723434448,5.1545000076293945
1750760612.265581,inf,inf,0.7620000243186951,5.114500045776367
1750760612.843238,inf,inf,0.7584999799728394,5.142749786376953
1750760613.3767185,inf,inf,0.7602499723434448,inf
1750760613.820275,inf,inf,0.7612500190734863,5.1529998779296875
1750760614.2647214,1.5084999799728394,inf,0.7605000138282776,5.141749858856201
1750760614.70919,inf,inf,0.7580000162124634,5.1620001792907715
1750760615.24198,inf,inf,0.7597500085830688,5.15749979019165
1750760615.8192813,inf,inf,0.7597500085830688,5.159749984741211
1750760616.3968573,inf,inf,0.7582499980926514,5.140999794006348
1750760616.886426,inf,inf,0.7592499852180481,5.15749979019165
1750760617.3738132,inf,inf,0.7595000267028809,5.140250205993652
1750760617.8632374,inf,inf,0.7570000290870667,5.157750129699707
1750760618.4406545,inf,inf,0.7580000162124634,5.139750003814697
1750760618.8403406,inf,inf,0.7595000267028809,5.156499862670898
1750760619.2403033,inf,inf,0.7599999904632568,5.15625
1750760619.6849792,inf,inf,0.7574999928474426,5.154749870300293
1750760620.084525,inf,inf,0.7580000162124634,5.14424991607666
1750760620.6171355,inf,inf,0.7617499828338623,inf
1750760621.149362,inf,inf,inf,5.1570000648498535
1750760621.7273436,inf,inf,inf,5.15500020980835
1750760622.2608218,inf,inf,0.7602499723434448,5.1519999504089355
1750760622.8382308,inf,inf,0.7597500085830688,5.167250156402588
1750760623.4155183,inf,inf,0.7605000138282776,5.148499965667725
1750760623.9043684,inf,inf,inf,5.157249927520752
1750760624.481029,inf,inf,0.7602499723434448,inf
1750760624.971184,inf,inf,0.7602499723434448,5.146749973297119
1750760625.5475526,inf,inf,0.7609999775886536,inf
1750760626.1248448,inf,inf,0.7584999799728394,5.158999919891357
1750760626.7023537,inf,inf,0.7577499747276306,5.135499954223633
1750760627.280091,inf,inf,0.7487499713897705,5.1595001220703125
1750760627.857702,inf,inf,inf,inf
1750760628.4348192,inf,inf,0.7599999904632568,5.1479997634887695
1750760628.9686303,inf,inf,0.7595000267028809,5.142749786376953
1750760629.5456934,inf,inf,0.7602499723434448,5.155749797821045
1750760630.1233592,inf,inf,0.7595000267028809,5.170249938964844
1750760630.7005377,inf,inf,0.7482500076293945,5.1554999351501465
1750760631.277877,inf,inf,0.7577499747276306,5.15500020980835
1750760631.7224889,1.5089999437332153,inf,0.7605000138282776,inf
1750760632.2106862,inf,inf,0.7605000138282776,5.152500152587891
1750760632.5223033,1.5089999437332153,inf,inf,5.058499813079834
1750760633.0549128,inf,inf,0.7580000162124634,inf
1750760633.632295,inf,inf,0.7592499852180481,5.150000095367432
1750760634.2097423,inf,inf,0.7592499852180481,5.170000076293945
1750760634.7864606,inf,inf,0.7572500109672546,5.157249927520752
1750760635.3641684,inf,inf,0.7597500085830688,5.160999774932861
1750760635.9419215,inf,inf,inf,5.151750087738037
1750760636.4746573,inf,inf,0.7570000290870667,5.151500225067139
1750760637.0529647,inf,inf,0.7572500109672546,5.163750171661377
1750760637.6302247,inf,inf,0.7574999928474426,5.154250144958496
1750760638.2077582,inf,inf,inf,5.155749797821045
1750760638.7851243,inf,inf,0.7592499852180481,5.142749786376953
1750760639.3178735,1.5084999799728394,inf,0.7584999799728394,5.124000072479248
1750760639.7629342,inf,inf,0.7592499852180481,5.159999847412109
1750760640.207225,inf,inf,inf,5.153500080108643
1750760640.7398381,inf,inf,0.7544999718666077,5.143750190734863
1750760641.2725232,inf,inf,0.7590000033378601,5.138999938964844
1750760641.8057997,inf,inf,0.7602499723434448,5.1595001220703125
1750760642.3833838,inf,inf,inf,5.1545000076293945
1750760642.9607925,inf,inf,inf,5.162499904632568
1750760643.5379894,inf,inf,0.7574999928474426,5.156499862670898
1750760644.1159735,inf,inf,0.7605000138282776,5.154250144958496
1750760644.6923337,inf,inf,0.7572500109672546,5.153500080108643
1750760645.2701917,inf,inf,0.7602499723434448,5.148749828338623
1750760645.8479133,inf,inf,0.7599999904632568,5.15749979019165
1750760646.4249074,inf,inf,inf,5.140999794006348
1750760647.0020256,inf,inf,0.7582499980926514,5.142499923706055
1750760647.5795286,inf,inf,0.7570000290870667,5.15500020980835
1750760648.0242712,inf,inf,0.7584999799728394,5.14300012588501
1750760648.6016233,inf,inf,0.7597500085830688,5.15500020980835
