time,range_0,range_90,range_180,range_270,range_360
1750765998.6243975,inf,inf,6.25724983215332,1.4612499475479126
1750765999.1572065,inf,inf,6.2729997634887695,1.4567500352859497
1750765999.7345228,inf,inf,6.270750045776367,1.4642499685287476
1750766000.3118415,inf,inf,6.291250228881836,1.469499945640564
1750766000.844709,inf,inf,6.295249938964844,1.4707499742507935
1750766001.3343353,inf,inf,6.271249771118164,1.4700000286102295
1750766001.778623,inf,inf,6.258500099182129,1.4635000228881836
1750766002.3112626,inf,inf,6.27524995803833,1.4562499523162842
1750766002.887677,inf,inf,6.269499778747559,1.4630000591278076
1750766003.4656227,inf,inf,inf,1.4577499628067017
1750766004.0430906,inf,inf,inf,1.4780000448226929
1750766004.6202717,inf,inf,6.270750045776367,1.4672499895095825
1750766005.198036,inf,inf,6.262249946594238,1.4620000123977661
1750766005.7314572,inf,inf,6.272250175476074,1.468000054359436
1750766006.3090982,inf,inf,6.261499881744385,1.465250015258789
1750766006.886515,inf,inf,inf,1.4587500095367432
1750766007.4634614,inf,inf,inf,1.4822499752044678
1750766008.041135,inf,inf,6.267250061035156,1.4570000171661377
1750766008.61814,inf,inf,6.240250110626221,1.4639999866485596
1750766009.1513324,inf,inf,6.264249801635742,1.4667500257492065
1750766009.5962799,inf,inf,inf,1.4765000343322754
1750766010.1726274,inf,inf,6.244750022888184,1.4615000486373901
1750766010.661947,inf,inf,inf,1.4609999656677246
1750766011.2392807,inf,inf,inf,1.4602500200271606
1750766011.8167088,inf,inf,inf,1.4787499904632568
1750766012.349314,inf,inf,inf,1.4800000190734863
1750766012.9269335,inf,inf,inf,1.4827500581741333
1750766013.5039012,inf,inf,inf,1.4854999780654907
1750766014.0816422,inf,inf,6.268750190734863,1.4605000019073486
1750766014.6150653,inf,inf,inf,1.4639999866485596
1750766015.1927166,inf,inf,6.264999866485596,1.4592499732971191
1750766015.7250285,inf,inf,6.265500068664551,1.4605000019073486
1750766016.3023822,0.578000009059906,inf,6.264500141143799,1.4597500562667847
1750766016.8803337,inf,inf,6.262750148773193,1.4594999551773071
1750766017.4573543,inf,inf,6.263000011444092,1.4592499732971191
1750766018.034965,inf,inf,6.268499851226807,1.4620000123977661
1750766018.611684,inf,inf,6.255499839782715,1.4707499742507935
1750766019.101423,inf,inf,inf,1.4644999504089355
1750766019.501371,inf,inf,6.265999794006348,1.4605000019073486
1750766019.945255,inf,inf,inf,1.4665000438690186
1750766020.5220444,inf,inf,inf,1.464750051498413
1750766021.0108433,inf,inf,6.264750003814697,1.4594999551773071
1750766021.4106858,inf,inf,6.253749847412109,1.4574999809265137
1750766021.8995514,inf,inf,6.261750221252441,1.4579999446868896
1750766022.476929,0.3824999928474426,inf,6.260749816894531,1.4707499742507935
1750766023.0541444,inf,inf,inf,1.4637500047683716
1750766023.6318638,inf,inf,inf,1.4887499809265137
1750766024.2091975,inf,inf,6.261250019073486,1.4585000276565552
1750766024.786561,inf,inf,inf,1.4639999866485596
1750766025.186473,inf,inf,6.262750148773193,1.4704999923706055
1750766025.7188654,inf,inf,6.265500068664551,1.4592499732971191
1750766026.252653,0.382750004529953,inf,inf,1.4930000305175781
1750766026.8298197,inf,inf,inf,1.4672499895095825
1750766027.3632553,inf,inf,6.265999794006348,1.4605000019073486
1750766027.8071811,inf,inf,inf,1.465749979019165
1750766028.3843453,inf,inf,6.265999794006348,1.462249994277954
1750766028.962014,0.34825000166893005,inf,6.261499881744385,1.4605000019073486
1750766029.5395615,inf,inf,6.26200008392334,1.4607499837875366
1750766030.1165352,inf,inf,inf,1.4637500047683716
1750766030.6942782,0.34275001287460327,inf,6.262249946594238,1.4700000286102295
1750766031.2712312,inf,inf,6.256499767303467,1.4592499732971191
1750766031.8486702,inf,inf,inf,1.4665000438690186
1750766032.382268,inf,inf,inf,1.46274995803833
1750766032.9597497,0.3467499911785126,inf,6.265749931335449,1.472749948501587
1750766033.5372932,0.3527500033378601,inf,6.268750190734863,1.4607499837875366
1750766034.1144085,inf,inf,inf,1.4607499837875366
1750766034.6915321,0.35225000977516174,inf,6.290999889373779,1.4579999446868896
1750766035.269108,0.34825000166893005,inf,inf,1.4737499952316284
1750766035.8468397,inf,inf,6.244500160217285,1.465250015258789
1750766036.4242644,inf,inf,6.235499858856201,1.46274995803833
1750766037.0012708,0.3492499887943268,inf,6.246500015258789,1.468250036239624
1750766037.579095,inf,inf,6.245250225067139,1.462499976158142
1750766038.0680425,0.34850001335144043,inf,6.2467498779296875,1.471250057220459
1750766038.6453247,0.34825000166893005,inf,inf,inf
1750766039.2224193,inf,inf,inf,1.4589999914169312
1750766039.8000312,inf,inf,inf,1.4597500562667847
1750766040.3772352,0.34850001335144043,inf,inf,1.4800000190734863
1750766040.9546077,0.34825000166893005,inf,inf,1.4792499542236328
1750766041.3539038,0.3492499887943268,inf,6.256249904632568,1.4672499895095825
1750766041.9317079,0.3492499887943268,inf,6.254749774932861,1.4700000286102295
1750766042.5089774,0.34950000047683716,inf,6.24399995803833,1.464750051498413
1750766042.998141,inf,inf,inf,1.4597500562667847
1750766043.4866621,0.34975001215934753,inf,inf,1.4762500524520874
1750766043.8860114,0.3499999940395355,inf,6.26200008392334,1.4700000286102295
1750766044.3306866,inf,inf,6.2482500076293945,1.4642499685287476
1750766044.774774,0.3504999876022339,inf,inf,1.4767500162124634
1750766045.3526497,0.3504999876022339,inf,inf,1.4759999513626099
1750766045.9296381,inf,inf,inf,1.4602500200271606
1750766046.5070617,0.3504999876022339,inf,inf,1.4795000553131104
1750766047.084639,0.3504999876022339,inf,inf,1.4772499799728394
1750766047.529369,inf,inf,6.252500057220459,1.4642499685287476
1750766047.973417,0.3499999940395355,inf,6.269499778747559,1.472000002861023
1750766048.5506897,0.3499999940395355,inf,6.265500068664551,1.471750020980835
1750766049.1282973,inf,inf,6.261499881744385,1.4602500200271606
1750766049.7051513,0.3499999940395355,inf,6.264249801635742,1.472000002861023
1750766050.2828166,0.3502500057220459,inf,inf,1.4785000085830688
1750766050.8604133,0.3512499928474426,inf,6.248499870300293,1.465000033378601
1750766051.437433,0.3502500057220459,inf,6.265500068664551,1.4697500467300415
1750766052.0148547,inf,inf,inf,1.4602500200271606
1750766052.5920002,0.34975001215934753,inf,inf,1.4769999980926514
1750766053.1697319,0.3499999940395355,inf,6.261750221252441,1.4667500257492065
1750766053.6584547,0.3499999940395355,inf,6.265250205993652,1.472749948501587
1750766054.1465516,0.34950000047683716,inf,inf,1.4767500162124634
1750766054.6803076,0.35350000858306885,inf,6.263500213623047,1.4600000381469727
1750766055.2130225,inf,inf,6.245250225067139,1.464750051498413
1750766055.7905607,0.3499999940395355,inf,inf,1.4782500267028809
1750766056.367595,0.35074999928474426,inf,6.265500068664551,1.472749948501587
1750766056.9450471,0.3499999940395355,inf,6.262499809265137,1.4670000076293945
1750766057.5227516,0.35374999046325684,inf,6.260749816894531,1.465749979019165
1750766058.0997238,0.3544999957084656,inf,inf,1.4787499904632568
1750766058.544194,inf,inf,inf,1.4605000019073486
1750766058.9887867,0.3544999957084656,inf,inf,1.4787499904632568
1750766059.4766781,0.3542500138282776,inf,inf,1.4785000085830688
1750766060.010662,0.35249999165534973,inf,6.244750022888184,1.465499997138977
1750766060.5874848,0.35324999690055847,inf,6.269000053405762,1.472000002861023
1750766061.1651855,0.3502500057220459,inf,inf,1.4612499475479126
1750766061.742566,0.35324999690055847,inf,6.260499954223633,1.4667500257492065
1750766062.3200545,0.35199999809265137,inf,6.2507500648498535,1.4642499685287476
1750766062.896916,0.35324999690055847,inf,6.258999824523926,1.4642499685287476
1750766063.4746683,0.35374999046325684,inf,inf,1.4827500581741333
1750766064.0520937,0.3527500033378601,inf,6.249750137329102,1.464750051498413
1750766064.6294851,0.34950000047683716,inf,6.271749973297119,1.4607499837875366
1750766065.2067995,0.3552500009536743,inf,inf,1.4817500114440918
1750766065.7406945,0.3540000021457672,inf,6.26924991607666,1.472249984741211
1750766066.318044,0.3540000021457672,inf,6.264999866485596,1.4667500257492065
1750766066.8510447,0.35499998927116394,inf,inf,1.4767500162124634
1750766067.3834522,0.45124998688697815,inf,6.245500087738037,1.465000033378601
1750766067.8281405,inf,inf,6.25724983215332,1.4677499532699585
1750766068.4054127,inf,inf,inf,1.4815000295639038
1750766068.9827383,inf,inf,inf,1.4765000343322754
1750766069.5601192,inf,inf,inf,1.4769999980926514
1750766070.1372318,inf,inf,6.259500026702881,1.468500018119812
1750766070.6704006,0.5642499923706055,inf,inf,1.4800000190734863
1750766071.24828,0.5587499737739563,inf,6.2507500648498535,1.465000033378601
1750766071.825609,inf,inf,6.257500171661377,1.465250015258789
1750766072.3142273,inf,inf,inf,1.4607499837875366
1750766072.8473234,inf,inf,6.265749931335449,1.472749948501587
1750766073.425117,inf,inf,6.265250205993652,1.472749948501587
1750766074.0023766,inf,inf,6.268249988555908,1.472749948501587
1750766074.5792305,inf,inf,6.267749786376953,1.4730000495910645
1750766075.157217,inf,inf,inf,1.4600000381469727
1750766075.6894052,inf,inf,6.267749786376953,1.4594999551773071
1750766076.2673168,inf,inf,6.2492499351501465,1.464750051498413
1750766076.8007333,inf,inf,6.267250061035156,1.4709999561309814
1750766077.3782482,inf,inf,6.26924991607666,1.4600000381469727
1750766077.9558332,inf,inf,6.267499923706055,1.472499966621399
1750766078.5327644,inf,inf,6.24399995803833,1.465000033378601
1750766079.11044,inf,inf,6.258500099182129,1.4670000076293945
1750766079.687551,0.6255000233650208,inf,6.267749786376953,1.4730000495910645
1750766080.264667,inf,inf,6.266499996185303,1.4602500200271606
1750766080.8425841,0.6467499732971191,inf,inf,1.4845000505447388
1750766081.4198384,inf,inf,inf,1.4605000019073486
1750766081.9972246,inf,inf,6.261250019073486,1.4670000076293945
1750766082.5743587,inf,inf,6.258500099182129,1.4642499685287476
1750766083.10833,inf,inf,inf,1.4617500305175781
1750766083.6852386,inf,inf,6.263999938964844,1.4605000019073486
1750766084.2622657,inf,inf,6.244500160217285,1.465499997138977
1750766084.8406582,inf,inf,inf,1.4812500476837158
1750766085.4174771,inf,inf,6.264999866485596,1.4667500257492065
1750766085.99503,inf,inf,inf,1.4615000486373901
1750766086.572204,inf,inf,6.258500099182129,1.4697500467300415
1750766087.1497622,inf,inf,inf,1.4804999828338623
1750766087.7275262,inf,inf,6.247000217437744,1.464750051498413
1750766088.3046064,inf,inf,6.269999980926514,1.4600000381469727
1750766088.8385365,inf,inf,6.253499984741211,1.4700000286102295
1750766089.4155643,inf,inf,6.258500099182129,1.4667500257492065
1750766089.9929476,inf,inf,inf,1.4815000295639038
1750766090.5695724,inf,inf,6.270750045776367,1.4602500200271606
1750766091.0145838,inf,inf,6.247000217437744,1.4644999504089355
1750766091.5027554,inf,inf,inf,1.4615000486373901
1750766091.9920766,0.6442499756813049,inf,inf,1.4835000038146973
1750766092.5690382,inf,inf,6.268750190734863,1.4605000019073486
1750766093.1465201,inf,inf,6.257999897003174,1.4667500257492065
1750766093.7242632,inf,inf,6.251999855041504,1.464750051498413
1750766094.3006988,inf,inf,6.264999866485596,1.472000002861023
1750766094.834187,0.6830000281333923,inf,inf,1.4780000448226929
1750766095.4115222,inf,inf,6.2542500495910645,1.464750051498413
1750766095.855995,0.6825000047683716,inf,inf,1.4777499437332153
1750766096.3002477,inf,inf,6.266499996185303,1.4730000495910645
1750766096.70011,inf,inf,6.250999927520752,1.465000033378601
1750766097.1883185,0.6777499914169312,inf,inf,1.4817500114440918
1750766097.587826,inf,inf,6.270249843597412,1.4602500200271606
1750766098.0325916,inf,inf,6.266250133514404,1.4737499952316284
1750766098.6097991,inf,inf,inf,1.4792499542236328
1750766099.098946,inf,inf,6.2517499923706055,1.465000033378601
1750766099.6760776,inf,inf,inf,1.4605000019073486
1750766100.2535455,inf,inf,6.259250164031982,1.4702500104904175
1750766100.8311698,inf,inf,6.2517499923706055,1.465999960899353
1750766101.4081476,inf,inf,6.257500171661377,1.4677499532699585
1750766101.9856908,inf,inf,6.266749858856201,1.4600000381469727
1750766102.5629375,inf,inf,inf,1.4609999656677246
1750766103.140365,inf,inf,inf,1.4815000295639038
1750766103.7179086,inf,inf,inf,1.4782500267028809
1750766104.2951837,inf,inf,inf,1.4612499475479126
1750766104.8289764,inf,inf,6.252999782562256,1.4600000381469727
1750766105.4060793,inf,inf,6.25724983215332,1.469499945640564
1750766105.8946478,inf,inf,6.256750106811523,1.4702500104904175
1750766106.3385408,inf,inf,6.24875020980835,1.465999960899353
1750766106.9159765,inf,inf,inf,1.4609999656677246
1750766107.44859,inf,inf,6.256499767303467,1.4644999504089355
1750766107.8932366,inf,inf,inf,1.4609999656677246
1750766108.3376088,inf,inf,6.256249904632568,1.4644999504089355
1750766108.9150822,inf,inf,inf,1.4817500114440918
1750766109.4928002,inf,inf,inf,1.4609999656677246
1750766110.06982,inf,inf,6.270500183105469,1.4605000019073486
1750766110.5579343,inf,inf,6.253499984741211,1.4677499532699585
1750766111.046742,inf,inf,6.253749847412109,1.468500018119812
1750766111.5359666,inf,inf,6.259500026702881,1.469499945640564
1750766112.113217,inf,inf,6.255000114440918,1.4702500104904175
1750766112.6907165,inf,inf,6.265250205993652,1.4597500562667847
1750766113.0908554,inf,inf,inf,1.4615000486373901
1750766113.667703,inf,inf,inf,1.4845000505447388
1750766114.245217,inf,inf,6.244750022888184,1.4670000076293945
1750766114.8227699,inf,inf,6.268249988555908,1.4602500200271606
1750766115.4000082,inf,inf,6.251500129699707,1.4670000076293945
1750766115.8890247,inf,inf,inf,1.4809999465942383
1750766116.4666948,inf,inf,inf,1.4847500324249268
1750766117.0440733,inf,inf,6.24275016784668,1.466249942779541
1750766117.6210883,inf,inf,6.262249946594238,1.4700000286102295
1750766118.19875,inf,inf,inf,1.4797500371932983
1750766118.7752569,inf,inf,6.242499828338623,1.4665000438690186
1750766119.3532994,inf,inf,6.263500213623047,1.4600000381469727
1750766119.9306664,inf,inf,inf,1.4822499752044678
1750766120.5076246,inf,inf,6.255499839782715,1.4702500104904175
1750766120.9969385,inf,inf,6.264999866485596,1.4602500200271606
1750766121.5746047,inf,inf,inf,1.4819999933242798
1750766122.1522143,inf,inf,6.257750034332275,1.4677499532699585
1750766122.7292225,inf,inf,6.273499965667725,1.4605000019073486
1750766123.3066373,inf,inf,6.256750106811523,1.4667500257492065
1750766123.8839145,inf,inf,inf,1.4822499752044678
1750766124.4613032,inf,inf,6.2532501220703125,1.4702500104904175
1750766125.0386245,0.4235000014305115,inf,6.26800012588501,1.472749948501587
1750766125.6161175,inf,inf,inf,1.4839999675750732
1750766126.1049604,inf,inf,inf,1.4812500476837158
1750766126.6821618,inf,inf,6.261000156402588,1.472749948501587
1750766127.2598479,inf,inf,6.25600004196167,1.465250015258789
1750766127.8370824,inf,inf,6.265250205993652,1.4597500562667847
1750766128.4148185,inf,inf,6.260000228881836,1.471500039100647
1750766128.9918585,inf,inf,6.253749847412109,1.465000033378601
1750766129.5692346,inf,inf,inf,1.4602500200271606
1750766130.0582962,inf,inf,6.265250205993652,1.4594999551773071
1750766130.5906107,inf,inf,6.257750034332275,1.4602500200271606
1750766131.0359051,0.5807499885559082,inf,inf,1.4815000295639038
1750766131.6128554,inf,inf,6.251500129699707,1.465000033378601
1750766132.190346,inf,inf,6.260000228881836,1.471500039100647
1750766132.767498,inf,inf,inf,1.4607499837875366
1750766133.2569122,inf,inf,inf,1.4809999465942383
1750766133.6567628,inf,inf,6.259250164031982,1.464750051498413
1750766134.2339382,inf,inf,6.261250019073486,1.4700000286102295
1750766134.8114817,inf,inf,inf,1.4607499837875366
1750766135.3884554,inf,inf,6.2557501792907715,1.465000033378601
1750766135.966072,inf,inf,inf,1.4802500009536743
1750766136.5432577,inf,inf,6.264500141143799,1.4594999551773071
1750766137.1207893,inf,inf,6.255249977111816,1.465999960899353
1750766137.6979218,inf,inf,inf,1.4789999723434448
1750766138.275513,inf,inf,6.259749889373779,1.472000002861023
1750766138.85304,inf,inf,6.255499839782715,1.466249942779541
1750766139.4299781,inf,inf,inf,1.4777499437332153
1750766139.9640841,inf,inf,6.262249946594238,1.466249942779541
1750766140.5405378,inf,inf,6.219749927520752,1.4605000019073486
1750766141.1188123,inf,inf,6.2517499923706055,1.4672499895095825
1750766141.696368,inf,inf,6.249000072479248,1.4644999504089355
1750766142.228741,inf,inf,6.218500137329102,1.4607499837875366
1750766142.673452,inf,inf,6.227749824523926,1.4607499837875366
1750766143.0730689,inf,inf,6.231249809265137,1.4607499837875366
1750766143.650145,inf,inf,6.236999988555908,1.4577499628067017
1750766144.2277026,inf,inf,6.268249988555908,1.4777499437332153
1750766144.8052542,inf,inf,6.240749835968018,1.46274995803833
1750766145.3823113,inf,inf,6.2442498207092285,1.464750051498413
1750766145.9597619,inf,inf,6.222750186920166,1.4630000591278076
1750766146.5369415,0.15025000274181366,inf,6.24275016784668,1.465000033378601
1750766147.0709236,inf,inf,6.238500118255615,inf
1750766147.6480832,inf,inf,6.237500190734863,1.4555000066757202
1750766148.2258282,inf,inf,6.240749835968018,1.4672499895095825
1750766148.8033416,inf,inf,6.2507500648498535,1.4589999914169312
1750766149.3803515,inf,inf,6.264999866485596,1.4769999980926514
1750766149.9580352,0.46674999594688416,inf,6.26200008392334,1.472499966621399
1750766150.5345287,0.4779999852180481,inf,6.2507500648498535,1.4602500200271606
1750766150.9799035,0.48225000500679016,inf,6.249499797821045,1.4570000171661377
1750766151.5568385,0.47200000286102295,inf,6.23675012588501,1.4617500305175781
1750766152.0015604,0.4779999852180481,inf,6.247499942779541,1.4579999446868896
1750766152.57897,inf,inf,6.2457499504089355,1.4579999446868896
1750766153.156136,0.47699999809265137,inf,6.2542500495910645,1.4582500457763672
1750766153.7334836,inf,inf,6.252500057220459,1.465749979019165
1750766154.3106985,inf,inf,6.242000102996826,1.465499997138977
1750766154.887958,0.4754999876022339,inf,6.262249946594238,1.4579999446868896
1750766155.465914,0.46950000524520874,inf,6.235499858856201,1.462499976158142
1750766156.0427866,0.47999998927116394,inf,6.242000102996826,1.4579999446868896
1750766156.48743,0.47574999928474426,inf,6.258749961853027,1.4582500457763672
1750766157.0201154,inf,inf,6.251999855041504,1.4559999704360962
1750766157.5973759,inf,inf,6.267250061035156,1.4792499542236328
1750766158.1310694,inf,inf,6.251500129699707,1.4587500095367432
1750766158.6641023,inf,inf,6.2522501945495605,1.4562499523162842
1750766159.1965568,inf,inf,6.244999885559082,1.4562499523162842
1750766159.7741082,inf,inf,6.263500213623047,1.4739999771118164
1750766160.3075788,inf,inf,6.250999927520752,1.4672499895095825
1750766160.8405292,0.45774999260902405,inf,6.273250102996826,1.4767500162124634
1750766161.417703,inf,inf,6.2467498779296875,1.4582500457763672
1750766161.994795,0.46650001406669617,inf,6.244999885559082,1.465499997138977
1750766162.5729454,inf,inf,6.2517499923706055,1.4579999446868896
1750766163.017891,inf,inf,6.26324987411499,1.4744999408721924
1750766163.4620764,0.46825000643730164,inf,6.243249893188477,1.4637500047683716
1750766163.8610725,inf,inf,6.246500015258789,1.4582500457763672
1750766164.3939276,inf,inf,6.2457499504089355,1.4579999446868896
1750766164.8384533,0.47475001215934753,inf,6.259250164031982,1.4589999914169312
1750766165.2383966,0.4754999876022339,inf,6.261499881744385,1.4592499732971191
1750766165.7258692,inf,inf,6.2482500076293945,1.4579999446868896
1750766166.3034737,inf,inf,6.245999813079834,1.465499997138977
1750766166.8809433,inf,inf,6.243500232696533,1.462249994277954
1750766167.4145474,inf,inf,6.267499923706055,1.4769999980926514
1750766167.9920835,inf,inf,6.265749931335449,1.4587500095367432
1750766168.569579,inf,inf,6.241000175476074,1.4635000228881836
1750766169.1469336,inf,inf,6.242000102996826,1.462499976158142
1750766169.724016,inf,inf,6.241499900817871,1.4635000228881836
1750766170.3015134,inf,inf,6.263750076293945,1.4759999513626099
1750766170.879125,inf,inf,6.250999927520752,1.4577499628067017
1750766171.4119723,inf,inf,6.263000011444092,1.4759999513626099
1750766171.9009547,inf,inf,6.25124979019165,1.4559999704360962
1750766172.3454895,inf,inf,6.246500015258789,1.465250015258789
1750766172.922627,inf,inf,6.243500232696533,1.462499976158142
1750766173.499868,inf,inf,6.258749961853027,1.4579999446868896
1750766173.9881544,inf,inf,6.255249977111816,1.4587500095367432
1750766174.3881078,inf,inf,6.254749774932861,1.4585000276565552
1750766174.6992464,inf,inf,6.263750076293945,1.4762500524520874
1750766175.0993543,inf,inf,6.247000217437744,1.4567500352859497
1750766175.6310449,inf,inf,6.2482500076293945,1.4562499523162842
1750766176.1646595,inf,inf,6.27524995803833,1.4787499904632568
1750766176.7418468,0.5537499785423279,inf,6.251999855041504,1.4667500257492065
1750766177.2758403,0.559499979019165,inf,6.24275016784668,1.4635000228881836
1750766177.8529296,inf,inf,6.239250183105469,1.4637500047683716
1750766178.4306533,0.559499979019165,inf,6.24399995803833,1.4635000228881836
1750766179.0073535,inf,inf,6.247250080108643,1.4559999704360962
1750766179.5405931,inf,inf,6.24275016784668,1.4582500457763672
1750766180.029535,0.5544999837875366,inf,6.246500015258789,1.465499997138977
1750766180.6061869,0.5537499785423279,inf,6.249499797821045,1.465000033378601
1750766181.1394584,0.5550000071525574,inf,6.242499828338623,1.465749979019165
1750766181.7167492,inf,inf,6.240250110626221,1.46274995803833
1750766182.2058485,inf,inf,6.254499912261963,1.4594999551773071
1750766182.7381155,inf,inf,6.2442498207092285,1.4582500457763672
1750766183.182533,0.5544999837875366,inf,6.243000030517578,1.465749979019165
1750766183.7159882,inf,inf,6.247499942779541,1.4570000171661377
1750766184.2933621,inf,inf,6.2522501945495605,1.4574999809265137
1750766184.7376893,inf,inf,6.263750076293945,1.4762500524520874
1750766185.3149235,inf,inf,6.255499839782715,1.4587500095367432
1750766185.8476777,inf,inf,6.249750137329102,1.4577499628067017
1750766186.4250991,inf,inf,6.239500045776367,1.4632500410079956
1750766186.9588168,0.5600000023841858,inf,6.241499900817871,1.4637500047683716
1750766187.4918861,inf,inf,6.252749919891357,1.4574999809265137
1750766187.9364278,inf,inf,6.254499912261963,1.4570000171661377
1750766188.51331,inf,inf,6.271249771118164,1.4797500371932983
1750766189.0903544,inf,inf,6.247499942779541,1.4572499990463257
1750766189.5793197,inf,inf,6.266749858856201,1.4797500371932983
1750766190.1127622,0.5554999709129333,inf,6.25124979019165,1.4642499685287476
1750766190.6895304,inf,inf,6.25124979019165,1.4567500352859497
1750766191.2673938,inf,inf,6.250500202178955,1.4572499990463257
1750766191.8447845,inf,inf,6.25,1.4570000171661377
1750766192.377426,0.5597500205039978,inf,6.237500190734863,1.4639999866485596
1750766192.9547787,inf,inf,6.2482500076293945,1.4570000171661377
1750766193.531877,inf,inf,6.254499912261963,1.4594999551773071
1750766194.065726,inf,inf,6.252500057220459,1.4572499990463257
1750766194.5987918,inf,inf,6.2467498779296875,1.4559999704360962
1750766195.1313143,0.5565000176429749,inf,6.2457499504089355,1.4635000228881836
1750766195.6196275,inf,inf,6.251500129699707,1.4565000534057617
1750766196.197791,inf,inf,6.244999885559082,1.4577499628067017
1750766196.7304184,0.5597500205039978,inf,6.242000102996826,1.4642499685287476
1750766197.307842,0.5537499785423279,inf,6.251999855041504,1.465499997138977
1750766197.752377,inf,inf,6.242249965667725,1.4632500410079956
1750766198.2849774,inf,inf,6.261000156402588,1.4587500095367432
1750766198.8623898,inf,inf,6.252749919891357,1.4574999809265137
1750766199.3516169,0.5534999966621399,inf,6.2507500648498535,1.465999960899353
1750766199.8840635,inf,inf,6.244999885559082,1.4585000276565552
1750766200.4615197,0.5550000071525574,inf,6.251999855041504,1.465000033378601
1750766201.039097,inf,inf,6.2582502365112305,1.4602500200271606
1750766201.6162813,inf,inf,6.254499912261963,1.4579999446868896
1750766202.1503499,inf,inf,6.245999813079834,1.4579999446868896
1750766202.7273846,inf,inf,6.245999813079834,1.4565000534057617
1750766203.3051078,0.5605000257492065,inf,6.247250080108643,1.4637500047683716
1750766203.8826177,inf,inf,6.253749847412109,1.4574999809265137
1750766204.326559,inf,inf,6.266749858856201,1.4780000448226929
1750766204.7255764,inf,inf,6.266499996185303,1.4795000553131104
1750766205.3037586,inf,inf,6.251999855041504,1.4565000534057617
1750766205.881385,inf,inf,6.256249904632568,1.4577499628067017
1750766206.4584463,inf,inf,6.252999782562256,1.4577499628067017
1750766207.0361607,inf,inf,6.2467498779296875,1.4577499628067017
1750766207.6131456,inf,inf,6.250999927520752,1.4577499628067017
1750766208.1904607,inf,inf,6.260499954223633,1.4587500095367432
1750766208.723235,inf,inf,6.2517499923706055,1.4572499990463257
1750766209.212468,inf,inf,6.252999782562256,1.4577499628067017
1750766209.7447977,inf,inf,6.247250080108643,1.4582500457763672
1750766210.322899,inf,inf,6.2477498054504395,1.4572499990463257
1750766210.9000475,0.5544999837875366,inf,6.247250080108643,1.465499997138977
1750766211.4337137,inf,inf,6.260499954223633,1.4589999914169312
1750766212.0110488,inf,inf,6.256499767303467,1.4585000276565552
1750766212.588846,0.5602499842643738,inf,6.242000102996826,1.4639999866485596
1750766213.165671,inf,inf,6.250249862670898,1.4592499732971191
1750766213.7431405,inf,inf,6.2467498779296875,1.4562499523162842
1750766214.3206449,inf,inf,6.2829999923706055,1.4800000190734863
1750766214.8979986,inf,inf,6.246250152587891,1.4582500457763672
1750766215.4755118,inf,inf,6.264500141143799,1.4762500524520874
1750766216.052464,inf,inf,6.279250144958496,1.4797500371932983
1750766216.6301963,inf,inf,6.2532501220703125,1.4574999809265137
1750766217.11844,0.5544999837875366,inf,6.2507500648498535,1.465000033378601
1750766217.696684,inf,inf,6.246250152587891,1.4582500457763672
1750766218.2737007,inf,inf,6.251999855041504,1.4574999809265137
1750766218.8065119,inf,inf,6.262249946594238,1.4765000343322754
1750766219.3837557,inf,inf,6.251999855041504,1.4567500352859497
1750766219.917885,inf,inf,6.252999782562256,1.4579999446868896
1750766220.4948323,inf,inf,inf,1.4797500371932983
1750766221.027591,inf,inf,6.2522501945495605,1.4592499732971191
1750766221.6049316,inf,inf,6.248000144958496,1.4579999446868896
1750766222.182609,inf,inf,6.261250019073486,1.4577499628067017
1750766222.7599971,0.5590000152587891,inf,6.267749786376953,1.4759999513626099
1750766223.3373003,inf,inf,6.254749774932861,1.4589999914169312
1750766223.8714552,inf,inf,6.249000072479248,1.4577499628067017
1750766224.4483588,0.5580000281333923,inf,6.263000011444092,1.4765000343322754
1750766225.0255475,0.5584999918937683,inf,6.24275016784668,1.4642499685287476
1750766225.6022666,0.5584999918937683,inf,6.26800012588501,1.4765000343322754
1750766226.1805658,inf,inf,6.2517499923706055,1.4572499990463257
1750766226.7577338,inf,inf,6.269750118255615,1.4797500371932983
1750766227.2905428,inf,inf,6.2457499504089355,1.4577499628067017
1750766227.824193,inf,inf,6.26800012588501,1.4757499694824219
1750766228.3571799,0.5584999918937683,inf,6.268249988555908,1.4762500524520874
1750766228.9342248,inf,inf,6.2457499504089355,1.4579999446868896
1750766229.5117626,inf,inf,6.267499923706055,1.4780000448226929
1750766230.0893173,0.5580000281333923,inf,6.262249946594238,1.4762500524520874
1750766230.6658895,inf,inf,6.2522501945495605,1.4587500095367432
1750766231.2437873,0.5534999966621399,inf,6.245250225067139,1.465499997138977
1750766231.8210747,0.5597500205039978,inf,6.239999771118164,1.4639999866485596
1750766232.3541746,inf,inf,6.24875020980835,1.4577499628067017
1750766232.9321008,0.5597500205039978,inf,6.240499973297119,1.4642499685287476
1750766233.509773,0.5554999709129333,inf,6.249499797821045,1.4670000076293945
1750766234.0863278,0.559249997138977,inf,6.263999938964844,1.4780000448226929
1750766234.6638024,inf,inf,6.252500057220459,1.4574999809265137
1750766235.1970127,0.5532500147819519,inf,6.24275016784668,1.465499997138977
1750766235.7746053,0.5584999918937683,inf,6.263500213623047,1.4767500162124634
1750766236.2628584,inf,inf,6.247000217437744,1.4577499628067017
1750766236.8408933,0.559249997138977,inf,6.239999771118164,1.4639999866485596
1750766237.4185653,inf,inf,6.250500202178955,1.4589999914169312
1750766237.9957254,inf,inf,6.251999855041504,1.4577499628067017
1750766238.5734112,inf,inf,6.250249862670898,1.4572499990463257
1750766239.1503727,inf,inf,6.252749919891357,1.4570000171661377
1750766239.7277617,inf,inf,6.25124979019165,1.4567500352859497
1750766240.2613704,inf,inf,6.252500057220459,1.4572499990463257
1750766240.7944884,0.5580000281333923,inf,6.264999866485596,1.4767500162124634
1750766241.3710797,inf,inf,6.251999855041504,1.4577499628067017
1750766241.9487767,inf,inf,6.261250019073486,1.4592499732971191
1750766242.3493984,inf,inf,6.261000156402588,1.4589999914169312
1750766242.8812263,inf,inf,6.244999885559082,1.4582500457763672
1750766243.4156988,inf,inf,6.25,1.4589999914169312
1750766243.9031715,inf,inf,6.267499923706055,1.4802500009536743
1750766244.4804008,inf,inf,6.265999794006348,1.4767500162124634
1750766245.0579584,inf,inf,6.26924991607666,1.4780000448226929
1750766245.5907667,inf,inf,6.270999908447266,1.4802500009536743
1750766246.1245348,inf,inf,6.253499984741211,1.4572499990463257
1750766246.5689576,inf,inf,6.263750076293945,1.4769999980926514
1750766247.1458137,inf,inf,6.254000186920166,1.4574999809265137
1750766247.7236776,inf,inf,6.249499797821045,1.4589999914169312
1750766248.3014123,0.445250004529953,inf,6.269000053405762,1.4795000553131104
1750766248.8784394,0.421750009059906,inf,6.261000156402588,1.4585000276565552
1750766249.455599,0.414000004529953,inf,6.252500057220459,1.4572499990463257
1750766250.0329497,0.41075000166893005,inf,6.252749919891357,1.4592499732971191
1750766250.6101394,0.40825000405311584,inf,6.2582502365112305,1.4602500200271606
1750766251.1876094,inf,inf,6.267000198364258,1.4800000190734863
1750766251.676624,inf,inf,6.268499851226807,1.4797500371932983
1750766252.2536132,0.4117499887943268,inf,6.249000072479248,1.4572499990463257
1750766252.8315225,inf,inf,6.260499954223633,1.4612499475479126
1750766253.4085288,0.414000004529953,inf,6.246250152587891,1.465499997138977
1750766253.9862163,inf,inf,6.248000144958496,1.4802500009536743
1750766254.5632765,0.4102500081062317,inf,6.241250038146973,1.4579999446868896
1750766255.1410406,inf,inf,6.267499923706055,1.4802500009536743
1750766255.7183685,0.4102500081062317,inf,6.25,1.4579999446868896
1750766256.2521262,inf,inf,6.270750045776367,1.4807499647140503
1750766256.8291388,0.4124999940395355,inf,6.2507500648498535,1.4579999446868896
1750766257.3618731,inf,inf,6.258999824523926,1.4607499837875366
1750766257.9397593,inf,inf,6.265999794006348,1.4787499904632568
1750766258.4728847,0.4092499911785126,inf,6.25,1.4585000276565552
1750766259.0063667,inf,inf,6.258749961853027,1.4607499837875366
1750766259.5834756,inf,inf,6.269750118255615,1.4807499647140503
1750766260.1612241,0.41324999928474426,inf,6.238999843597412,1.4644999504089355
1750766260.737938,0.41874998807907104,inf,6.249000072479248,1.465250015258789
1750766261.3158128,0.4817500114440918,inf,6.262249946594238,1.4609999656677246
1750766261.8932052,0.5447499752044678,inf,6.268249988555908,1.4804999828338623
1750766262.4702525,inf,inf,6.243249893188477,1.4572499990463257
1750766263.0479195,inf,inf,6.262249946594238,1.4600000381469727
1750766263.6252465,0.596750020980835,inf,6.251999855041504,1.4570000171661377
1750766264.2025235,inf,inf,6.261499881744385,1.4609999656677246
1750766264.7362158,0.5920000076293945,inf,6.253749847412109,1.4582500457763672
1750766265.2688727,0.5674999952316284,inf,inf,1.4797500371932983
1750766265.8465264,0.5964999794960022,inf,6.24875020980835,1.4572499990463257
1750766266.2911165,0.5687500238418579,inf,6.264500141143799,1.4782500267028809
1750766266.868292,0.5672500133514404,inf,6.26800012588501,1.4795000553131104
1750766267.4458506,0.596750020980835,inf,6.25,1.4577499628067017
1750766268.0227926,0.5669999718666077,inf,6.265250205993652,1.4797500371932983
1750766268.6003048,0.5960000157356262,inf,6.243000030517578,1.4570000171661377
1750766269.177985,0.5699999928474426,inf,6.267749786376953,1.4765000343322754
1750766269.7551172,inf,inf,6.244750022888184,1.4644999504089355
1750766270.3325787,0.5669999718666077,inf,6.26324987411499,1.4795000553131104
1750766270.909632,0.5964999794960022,inf,6.247250080108643,1.4574999809265137
1750766271.4427779,inf,inf,6.258500099182129,1.4607499837875366
1750766272.0207605,inf,inf,6.245999813079834,1.465250015258789
1750766272.5977728,0.5979999899864197,inf,6.248499870300293,1.4567500352859497
1750766273.1759245,0.593999981880188,inf,6.251999855041504,1.4589999914169312
1750766273.7087438,0.5942500233650208,inf,6.2467498779296875,1.4582500457763672
1750766274.1527317,0.5952500104904175,inf,6.239999771118164,1.4567500352859497
1750766274.6853418,0.5957499742507935,inf,6.246250152587891,1.4572499990463257
1750766275.2628298,0.593999981880188,inf,6.250999927520752,1.4579999446868896
1750766275.7957375,0.5695000290870667,inf,6.263999938964844,1.4765000343322754
1750766276.3294082,0.5942500233650208,inf,6.251999855041504,1.4577499628067017
1750766276.9065185,0.5697500109672546,inf,6.265999794006348,1.4767500162124634
1750766277.4840949,0.5962499976158142,inf,6.2532501220703125,1.4572499990463257
1750766278.0617864,0.5695000290870667,inf,6.263999938964844,1.4767500162124634
1750766278.6389406,inf,inf,6.2477498054504395,1.465749979019165
1750766279.2160592,0.5977500081062317,inf,6.245500087738037,1.4570000171661377
1750766279.793436,inf,inf,6.252749919891357,1.4582500457763672
1750766280.3276966,inf,inf,6.245500087738037,1.465499997138977
1750766280.9045997,0.590749979019165,inf,6.2522501945495605,1.4579999446868896
1750766281.4822266,inf,inf,6.243500232696533,1.465250015258789
1750766282.059515,inf,inf,6.254749774932861,1.4602500200271606
1750766282.6367373,0.5672500133514404,inf,6.26800012588501,1.4782500267028809
1750766283.2141547,0.59375,inf,6.251999855041504,1.4587500095367432
1750766283.7914221,inf,inf,6.247000217437744,1.465749979019165
1750766284.369046,inf,inf,6.259749889373779,1.4594999551773071
1750766284.94637,inf,inf,6.240499973297119,1.465499997138977
1750766285.5237613,inf,inf,6.254000186920166,1.4585000276565552
1750766286.057679,0.5954999923706055,inf,6.251500129699707,1.4572499990463257
1750766286.6340206,0.565500020980835,inf,6.270500183105469,1.4797500371932983
1750766287.2120163,inf,inf,6.238749980926514,1.4642499685287476
1750766287.7893276,0.565500020980835,inf,6.270249843597412,1.4797500371932983
1750766288.3664703,inf,inf,6.260499954223633,1.4602500200271606
1750766288.9442081,0.5957499742507935,inf,6.2517499923706055,1.4572499990463257
1750766289.521491,inf,inf,6.248000144958496,1.465999960899353
1750766290.0992522,inf,inf,6.2532501220703125,1.4582500457763672
1750766290.675921,0.597000002861023,inf,6.2477498054504395,1.4567500352859497
1750766291.253645,0.5922499895095825,inf,6.252749919891357,1.4585000276565552
1750766291.7873368,inf,inf,6.24875020980835,1.465499997138977
1750766292.365063,inf,inf,6.259749889373779,1.4605000019073486
1750766292.897786,inf,inf,6.256499767303467,1.4587500095367432
1750766293.2972777,0.5962499976158142,inf,6.2522501945495605,1.4574999809265137
1750766293.741742,0.59375,inf,6.254499912261963,1.4582500457763672
1750766294.2302518,inf,inf,6.247000217437744,1.465499997138977
1750766294.8073432,0.5672500133514404,inf,6.267250061035156,1.4780000448226929
1750766295.207035,inf,inf,6.264249801635742,1.4602500200271606
1750766295.7840385,0.5960000157356262,inf,6.2532501220703125,1.4574999809265137
1750766296.3184369,0.5659999847412109,inf,6.272749900817871,1.4800000190734863
1750766296.895369,inf,inf,6.255249977111816,1.4582500457763672
1750766297.4728374,inf,inf,6.247000217437744,1.465749979019165
1750766298.0503874,0.5699999928474426,inf,6.261250019073486,1.4762500524520874
1750766298.6274729,inf,inf,6.240499973297119,1.4639999866485596
1750766299.2049918,inf,inf,6.264750003814697,1.4600000381469727
1750766299.7822912,0.5975000262260437,inf,6.239749908447266,1.4570000171661377
1750766300.3598537,0.5674999952316284,inf,6.265749931335449,1.4765000343322754
1750766300.8038092,0.5667499899864197,inf,6.264249801635742,1.4795000553131104
1750766301.3368688,0.593999981880188,inf,6.251999855041504,1.4579999446868896
1750766301.8259294,inf,inf,6.254000186920166,1.4579999446868896
1750766302.403407,inf,inf,6.257500171661377,1.4605000019073486
1750766302.980604,0.5952500104904175,inf,6.24875020980835,1.4567500352859497
1750766303.5574841,0.5680000185966492,inf,inf,1.4807499647140503
1750766304.1356263,0.5665000081062317,inf,6.246500015258789,1.4800000190734863
1750766304.7130413,0.5665000081062317,inf,6.272250175476074,1.4797500371932983
1750766305.1574712,0.5972499847412109,inf,6.243000030517578,1.4570000171661377
1750766305.734055,0.5682500004768372,inf,6.265500068664551,1.4797500371932983
1750766306.134537,inf,inf,6.248000144958496,1.465999960899353
1750766306.7121038,0.5662500262260437,inf,6.266749858856201,1.4795000553131104
1750766307.244701,inf,inf,6.241000175476074,1.4665000438690186
1750766307.7777927,inf,inf,6.241000175476074,1.4644999504089355
1750766308.355863,inf,inf,6.248499870300293,1.4665000438690186
1750766308.8886673,0.5684999823570251,inf,6.26200008392334,1.4772499799728394
1750766309.4658835,0.5667499899864197,inf,6.267749786376953,1.4795000553131104
1750766310.0426047,inf,inf,6.259250164031982,1.4605000019073486
1750766310.6206234,0.5952500104904175,inf,6.249000072479248,1.4567500352859497
1750766311.197795,0.59375,inf,6.25,1.4585000276565552
1750766311.6431706,0.59375,inf,6.252500057220459,1.4587500095367432
1750766312.086061,0.5950000286102295,inf,6.243750095367432,1.4567500352859497
1750766312.663991,0.5952500104904175,inf,6.250249862670898,1.4570000171661377
1750766313.2413905,0.5952500104904175,inf,6.246250152587891,1.4570000171661377
1750766313.8182974,0.5954999923706055,inf,6.250249862670898,1.4572499990463257
1750766314.3962147,inf,inf,6.242499828338623,1.465000033378601
1750766314.8413713,inf,inf,6.261000156402588,1.4607499837875366
1750766315.3737674,0.5954999923706055,inf,6.252999782562256,1.4570000171661377
1750766315.9507709,0.5659999847412109,inf,6.2795000076293945,1.4797500371932983
1750766316.5282748,inf,inf,6.246500015258789,1.466249942779541
1750766317.1054327,0.5682500004768372,inf,6.262499809265137,1.4767500162124634
1750766317.6394382,inf,inf,6.253749847412109,1.4579999446868896
1750766318.216576,0.5665000081062317,inf,6.264750003814697,1.4795000553131104
1750766318.794191,0.596750020980835,inf,6.2417497634887695,1.4570000171661377
1750766319.371749,0.5954999923706055,inf,6.247250080108643,1.4567500352859497
1750766319.948676,0.5684999823570251,inf,6.264999866485596,1.4769999980926514
1750766320.5260427,inf,inf,6.260000228881836,1.4607499837875366
1750766321.102955,0.5922499895095825,inf,6.249750137329102,1.4592499732971191
1750766321.6805978,inf,inf,6.241250038146973,1.4642499685287476
1750766322.2584512,inf,inf,6.263999938964844,1.4607499837875366
1750766322.8357122,0.5927500128746033,inf,6.250999927520752,1.4585000276565552
1750766323.3696148,inf,inf,6.245500087738037,1.4665000438690186
1750766323.9466507,0.5952500104904175,inf,6.248000144958496,1.4567500352859497
1750766324.5239623,0.5950000286102295,inf,6.255000114440918,1.4574999809265137
1750766325.1013515,inf,inf,6.241250038146973,1.464750051498413
1750766325.6781952,0.5665000081062317,inf,6.265500068664551,1.4802500009536743
1750766326.2561269,inf,inf,6.254499912261963,1.4597500562667847
1750766326.8334215,0.5954999923706055,inf,6.247250080108643,1.4570000171661377
1750766327.4112754,inf,inf,6.256249904632568,1.4600000381469727
1750766327.9881468,0.5665000081062317,inf,6.265250205993652,1.4804999828338623
1750766328.477685,0.593500018119812,inf,6.245999813079834,1.4579999446868896
1750766328.9658353,inf,inf,6.25724983215332,1.4600000381469727
1750766329.5426502,inf,inf,6.258749961853027,1.4600000381469727
1750766330.076424,inf,inf,6.263999938964844,1.4605000019073486
1750766330.6531367,0.593500018119812,inf,6.2507500648498535,1.4585000276565552
1750766331.1867275,inf,inf,6.263750076293945,1.4600000381469727
1750766331.5865834,0.5932499766349792,inf,6.2522501945495605,1.4587500095367432
1750766332.163842,inf,inf,6.261499881744385,1.4612499475479126
1750766332.7412634,inf,inf,6.262750148773193,1.4600000381469727
1750766333.1859033,0.5950000286102295,inf,6.251500129699707,1.4567500352859497
1750766333.7184544,0.5957499742507935,inf,6.252500057220459,1.4572499990463257
1750766334.2957828,0.5947499871253967,inf,6.2477498054504395,1.4565000534057617
1750766334.872986,0.5952500104904175,inf,6.2517499923706055,1.4567500352859497
1750766335.4068806,inf,inf,6.241499900817871,1.4639999866485596
1750766335.9840696,inf,inf,6.261000156402588,1.4609999656677246
1750766336.4726562,0.565500020980835,inf,6.269750118255615,1.4795000553131104
1750766337.0499058,inf,inf,6.256999969482422,1.4597500562667847
1750766337.5837514,inf,inf,6.259749889373779,1.4605000019073486
1750766338.1606746,0.5687500238418579,inf,6.2477498054504395,1.4809999465942383
1750766338.6936133,0.565750002861023,inf,6.264249801635742,1.4802500009536743
1750766339.2709928,inf,inf,6.2492499351501465,1.465999960899353
1750766339.8483438,0.5950000286102295,inf,6.250999927520752,1.4570000171661377
1750766340.4254706,0.5922499895095825,inf,6.25124979019165,1.4589999914169312
1750766341.0030582,inf,inf,6.259250164031982,1.4600000381469727
1750766341.4919763,0.5954999923706055,inf,6.25,1.4565000534057617
1750766342.0694788,inf,inf,6.260000228881836,1.4600000381469727
1750766342.6467044,inf,inf,6.260749816894531,1.4612499475479126
1750766343.2243936,inf,inf,6.265250205993652,1.4605000019073486
1750766343.8015814,0.593500018119812,inf,6.247499942779541,1.4574999809265137
1750766344.378931,0.59375,inf,6.253749847412109,1.4592499732971191
1750766344.9564705,0.5945000052452087,inf,6.254000186920166,1.4585000276565552
1750766345.5335395,0.5942500233650208,inf,6.2542500495910645,1.4585000276565552
1750766346.067259,0.593999981880188,inf,6.254749774932861,1.4587500095367432
1750766346.6446419,inf,inf,6.254000186920166,1.4585000276565552
1750766347.2223432,0.5920000076293945,inf,6.250249862670898,1.4589999914169312
1750766347.7996848,0.5662500262260437,inf,6.268499851226807,1.4797500371932983
1750766348.3769987,inf,inf,6.245250225067139,1.465999960899353
1750766348.9544137,0.5304999947547913,inf,6.251999855041504,1.4570000171661377
1750766349.5315905,0.3972499966621399,inf,6.2517499923706055,1.4570000171661377
1750766350.1088736,0.40400001406669617,inf,6.24399995803833,1.4574999809265137
1750766350.5533636,0.40424999594688416,inf,6.2467498779296875,1.4585000276565552
1750766350.9980147,0.40400001406669617,inf,6.248499870300293,1.4582500457763672
1750766351.5752382,0.40174999833106995,inf,6.256999969482422,1.4609999656677246
1750766352.1519995,inf,inf,inf,1.4812500476837158
1750766352.6848998,inf,inf,6.264999866485596,1.4804999828338623
1750766353.2626817,0.4025000035762787,inf,6.255499839782715,1.4600000381469727
1750766353.8402221,inf,inf,6.266749858856201,1.4815000295639038
1750766354.4175148,0.4012500047683716,inf,6.245500087738037,1.4589999914169312
1750766354.9069564,0.40174999833106995,inf,6.262249946594238,1.4615000486373901
1750766355.4394975,0.4009999930858612,inf,6.264249801635742,1.4617500305175781
1750766356.0167851,0.40450000762939453,inf,6.237500190734863,1.466249942779541
1750766356.4164326,0.4047499895095825,inf,6.251500129699707,1.4572499990463257
1750766356.905908,0.41499999165534973,inf,6.243750095367432,1.4572499990463257
1750766357.4382386,0.492000013589859,inf,6.2457499504089355,1.4665000438690186
1750766358.015812,0.5220000147819519,inf,6.257750034332275,1.4609999656677246
1750766358.5929873,inf,inf,6.243249893188477,1.4572499990463257
1750766359.170615,0.5515000224113464,inf,6.259500026702881,1.4617500305175781
1750766359.7476344,inf,inf,6.250500202178955,1.4565000534057617
1750766360.2814307,0.5532500147819519,inf,inf,1.4824999570846558
1750766360.8582435,inf,inf,6.25,1.4574999809265137
1750766361.4360478,0.5597500205039978,inf,6.262249946594238,1.4802500009536743
1750766362.0130975,inf,inf,6.244500160217285,1.4585000276565552
1750766362.5911012,0.5527499914169312,inf,6.242000102996826,1.465749979019165
1750766363.168254,0.5597500205039978,inf,6.26324987411499,1.4797500371932983
1750766363.745592,0.546750009059906,inf,6.25,1.4589999914169312
1750766364.322978,inf,inf,6.253749847412109,1.4594999551773071
1750766364.9009166,0.5602499842643738,inf,6.263999938964844,1.4774999618530273
1750766365.4780211,inf,inf,6.250500202178955,1.4562499523162842
1750766366.011525,0.5527499914169312,inf,6.270249843597412,1.4797500371932983
1750766366.5890188,0.547249972820282,inf,6.2442498207092285,1.4574999809265137
1750766367.166627,0.5502499938011169,inf,6.252749919891357,1.4592499732971191
1750766367.7435803,inf,inf,6.252999782562256,1.4567500352859497
1750766368.2764661,inf,inf,6.250999927520752,1.4565000534057617
1750766368.765838,0.559499979019165,inf,6.264999866485596,1.4804999828338623
1750766369.343249,inf,inf,6.251500129699707,1.4565000534057617
1750766369.9201736,0.5540000200271606,inf,6.26800012588501,1.4797500371932983
1750766370.4979577,0.5809999704360962,inf,6.252749919891357,1.4585000276565552
1750766371.074931,inf,inf,6.259749889373779,1.4615000486373901
1750766371.5192962,0.5857499837875366,inf,6.252749919891357,1.4597500562667847
1750766372.0970821,0.5979999899864197,inf,6.247250080108643,1.4567500352859497
1750766372.673601,inf,inf,6.266499996185303,1.4802500009536743
1750766373.2513778,0.4189999997615814,inf,6.2492499351501465,1.4589999914169312
1750766373.8290057,0.4090000092983246,inf,6.245999813079834,1.4570000171661377
1750766374.274048,inf,inf,6.252500057220459,1.4600000381469727
1750766374.7614644,0.4259999990463257,inf,6.243750095367432,1.4572499990463257
1750766375.2951021,0.41874998807907104,inf,6.265250205993652,1.4787499904632568
1750766375.872647,0.4177500009536743,inf,6.250500202178955,1.4587500095367432
1750766376.404706,0.4169999957084656,inf,6.264999866485596,1.4809999465942383
1750766376.8050873,0.4180000126361847,inf,6.263999938964844,1.4782500267028809
1750766377.3381114,0.4177500009536743,inf,6.260499954223633,1.4612499475479126
1750766377.9152393,0.41725000739097595,inf,6.24399995803833,1.4589999914169312
1750766378.3596914,0.4230000078678131,inf,6.2507500648498535,1.4567500352859497
1750766378.759713,0.4154999852180481,inf,6.264249801635742,1.4615000486373901
1750766379.1148274,0.4182499945163727,inf,6.241499900817871,1.4570000171661377
1750766379.603691,0.4194999933242798,inf,6.252999782562256,1.4567500352859497
1750766380.0918412,0.4165000021457672,inf,6.254499912261963,1.4592499732971191
1750766380.5363102,0.41624999046325684,inf,6.26800012588501,1.4804999828338623
1750766381.113154,0.4167500138282776,inf,6.25124979019165,1.4597500562667847
1750766381.6910646,0.4182499945163727,inf,6.246500015258789,1.4572499990463257
1750766382.1807785,inf,inf,6.244999885559082,1.465749979019165
1750766382.580443,0.41850000619888306,inf,6.2417497634887695,1.4565000534057617
1750766383.15722,0.4192500114440918,inf,inf,1.4822499752044678
1750766383.734509,0.41600000858306885,inf,6.254499912261963,1.4594999551773071
1750766384.3119428,inf,inf,6.246500015258789,1.465749979019165
1750766384.888719,0.41749998927116394,inf,6.261250019073486,1.4609999656677246
1750766385.4668818,0.41749998927116394,inf,6.251999855041504,1.4570000171661377
1750766385.954945,0.4177500009536743,inf,6.2517499923706055,1.4565000534057617
1750766386.4888878,0.4192500114440918,inf,6.245999813079834,1.4562499523162842
1750766387.065773,0.4167500138282776,inf,6.260499954223633,1.4620000123977661
1750766387.6429534,0.4165000021457672,inf,6.252999782562256,1.4597500562667847
1750766388.221042,0.4180000126361847,inf,6.240250110626221,1.4567500352859497
1750766388.7981596,0.4194999933242798,inf,6.247499942779541,1.4565000534057617
1750766389.3754137,inf,inf,6.271749973297119,1.4807499647140503
1750766389.8647819,0.4152500033378601,inf,6.25600004196167,1.4607499837875366
1750766390.4415307,0.4167500138282776,inf,6.2467498779296875,1.4589999914169312
1750766391.0193977,0.41600000858306885,inf,6.2517499923706055,1.4592499732971191
1750766391.5523703,inf,inf,6.249750137329102,1.4672499895095825
1750766392.1291225,0.4152500033378601,inf,6.252749919891357,1.4585000276565552
1750766392.663149,0.4192500114440918,inf,6.251999855041504,1.4565000534057617
1750766393.1960075,0.4165000021457672,inf,6.250249862670898,1.4600000381469727
1750766393.7284567,0.41850000619888306,inf,6.244750022888184,1.4567500352859497
1750766394.3061001,0.421999990940094,inf,inf,1.4817500114440918
1750766394.8395808,0.41350001096725464,inf,6.2522501945495605,1.4600000381469727
1750766395.4170444,0.4180000126361847,inf,inf,1.4827500581741333
1750766395.9051342,0.4182499945163727,inf,6.263500213623047,1.4789999723434448
1750766396.4829092,0.41600000858306885,inf,6.249000072479248,1.4600000381469727
1750766396.9718366,inf,inf,6.243000030517578,1.465999960899353
1750766397.5488229,0.4205000102519989,inf,6.270999908447266,1.4802500009536743
1750766397.9936783,0.4152500033378601,inf,6.2477498054504395,1.4587500095367432
1750766398.5706987,0.4180000126361847,inf,6.244500160217285,1.4565000534057617
1750766399.1481464,0.41725000739097595,inf,6.269999980926514,1.4819999933242798
1750766399.7253485,0.4112499952316284,inf,6.262249946594238,1.4615000486373901
1750766400.302902,inf,inf,6.247000217437744,1.4562499523162842
1750766400.8798907,0.4300000071525574,inf,6.274499893188477,1.4804999828338623
1750766401.4575915,0.41574999690055847,inf,6.26924991607666,1.4800000190734863
1750766402.0347607,0.4165000021457672,inf,6.269499778747559,1.4795000553131104
1750766402.612314,0.4124999940395355,inf,6.26924991607666,1.4800000190734863
1750766403.1895967,0.41200000047683716,inf,6.256999969482422,1.4609999656677246
1750766403.7233021,inf,inf,6.244500160217285,1.4670000076293945
1750766404.3007865,0.4189999997615814,inf,inf,1.4845000505447388
1750766404.8782606,0.41499999165534973,inf,6.252749919891357,1.4562499523162842
1750766405.4556963,0.41574999690055847,inf,6.254749774932861,1.4605000019073486
1750766405.9435766,0.4180000126361847,inf,6.262249946594238,1.4615000486373901
1750766406.4333143,0.4124999940395355,inf,6.252500057220459,1.4559999704360962
1750766407.010085,0.4124999940395355,inf,6.245999813079834,1.4587500095367432
1750766407.5878816,0.41499999165534973,inf,6.255499839782715,1.4597500562667847
1750766408.1649103,0.4189999997615814,inf,6.265250205993652,1.4800000190734863
1750766408.6093209,0.4167500138282776,inf,6.262249946594238,1.4620000123977661
1750766409.1422691,0.4129999876022339,inf,6.246500015258789,1.4587500095367432
1750766409.5421479,inf,inf,6.240749835968018,1.465499997138977
1750766409.9861062,0.4167500138282776,inf,6.262249946594238,1.4615000486373901
1750766410.5195072,0.41749998927116394,inf,6.247250080108643,1.4559999704360962
1750766410.9191008,0.4182499945163727,inf,6.265250205993652,1.4802500009536743
1750766411.3634717,0.41850000619888306,inf,inf,1.4824999570846558
1750766411.9406266,0.4182499945163727,inf,6.265749931335449,1.4802500009536743
1750766412.517925,0.41449999809265137,inf,6.243000030517578,1.4559999704360962
1750766413.0956206,0.4167500138282776,inf,6.254000186920166,1.4600000381469727
1750766413.6727662,inf,inf,6.241000175476074,1.466249942779541
1750766414.250282,0.4152500033378601,inf,6.246500015258789,1.4589999914169312
1750766414.8274362,0.41624999046325684,inf,6.260250091552734,1.4615000486373901
1750766415.271858,0.4169999957084656,inf,6.269750118255615,1.4802500009536743
1750766415.8491838,0.4137499928474426,inf,6.2467498779296875,1.4572499990463257
1750766416.4269464,0.4124999940395355,inf,6.255499839782715,1.4592499732971191
1750766417.0040083,0.4167500138282776,inf,6.26200008392334,1.4620000123977661
1750766417.5381413,0.4169999957084656,inf,6.266749858856201,1.4802500009536743
1750766418.026032,0.41850000619888306,inf,6.264750003814697,1.4802500009536743
1750766418.5148003,0.4137499928474426,inf,6.246250152587891,1.4570000171661377
1750766419.0924501,0.4177500009536743,inf,inf,1.4832500219345093
1750766419.6696036,0.41499999165534973,inf,6.2467498779296875,1.4587500095367432
1750766420.2028644,0.4182499945163727,inf,6.265500068664551,1.4804999828338623
1750766420.77948,0.4180000126361847,inf,6.251500129699707,1.4600000381469727
1750766421.3574367,inf,inf,6.2442498207092285,1.465499997138977
1750766421.9344435,0.41850000619888306,inf,6.278250217437744,1.4817500114440918
1750766422.468339,0.41850000619888306,inf,6.264999866485596,1.4804999828338623
1750766423.0456219,0.4192500114440918,inf,6.265250205993652,1.4800000190734863
1750766423.6230187,0.4165000021457672,inf,6.26324987411499,1.462499976158142
1750766424.2006853,0.4182499945163727,inf,6.261750221252441,1.4612499475479126
1750766424.7777233,0.4154999852180481,inf,6.2507500648498535,1.4592499732971191
1750766425.3548777,0.414249986410141,inf,6.2582502365112305,1.4609999656677246
1750766425.799021,0.41874998807907104,inf,6.2582502365112305,1.4615000486373901
1750766426.3769414,inf,inf,6.241499900817871,1.4670000076293945
1750766426.910267,0.4169999957084656,inf,6.257750034332275,1.4607499837875366
1750766427.4869318,0.41874998807907104,inf,6.269000053405762,1.4804999828338623
1750766428.064428,0.41874998807907104,inf,inf,1.4850000143051147
1750766428.5535743,0.4189999997615814,inf,6.272749900817871,1.4817500114440918
1750766428.9094212,0.41874998807907104,inf,6.268750190734863,1.4804999828338623
1750766429.442048,0.41324999928474426,inf,6.249000072479248,1.4587500095367432
1750766429.8865805,0.41749998927116394,inf,6.267250061035156,1.4807499647140503
1750766430.285967,0.4189999997615814,inf,6.272500038146973,1.4822499752044678
1750766430.6861763,0.41850000619888306,inf,6.261750221252441,1.4620000123977661
1750766431.262725,0.41499999165534973,inf,6.248000144958496,1.4567500352859497
1750766431.840162,0.414000004529953,inf,6.244999885559082,1.4592499732971191
1750766432.4177825,0.41350001096725464,inf,6.2517499923706055,1.4602500200271606
1750766432.9949844,0.41749998927116394,inf,6.266499996185303,1.4809999465942383
1750766433.5283537,0.4165000021457672,inf,6.243750095367432,1.4562499523162842
1750766434.1060567,0.4124999940395355,inf,6.252999782562256,1.4602500200271606
1750766434.6834388,0.41749998927116394,inf,6.267250061035156,1.4807499647140503
1750766435.2606485,0.41600000858306885,inf,6.249000072479248,1.4567500352859497
1750766435.837734,0.41600000858306885,inf,6.247250080108643,1.4567500352859497
1750766436.4157584,0.4177500009536743,inf,6.2482500076293945,1.4567500352859497
1750766436.992503,inf,inf,6.242249965667725,1.465749979019165
1750766437.5704575,inf,inf,6.243750095367432,1.4672499895095825
1750766438.1475923,0.41225001215934753,inf,6.253499984741211,1.4570000171661377
1750766438.7250674,0.41225001215934753,inf,6.24875020980835,1.4570000171661377
1750766439.2587693,0.41324999928474426,inf,6.260250091552734,1.4615000486373901
1750766439.8362799,0.4177500009536743,inf,6.2492499351501465,1.4567500352859497
1750766440.368758,0.4154999852180481,inf,6.256750106811523,1.4597500562667847
1750766440.9463813,0.41874998807907104,inf,6.265999794006348,1.4817500114440918
1750766441.5235832,0.4129999876022339,inf,6.250249862670898,1.4565000534057617
1750766442.1010258,0.4137499928474426,inf,6.251500129699707,1.4589999914169312
1750766442.678818,0.4189999997615814,inf,6.272250175476074,1.4802500009536743
1750766443.078577,0.4189999997615814,inf,6.265500068664551,1.4620000123977661
1750766443.5676174,0.41475000977516174,inf,6.2507500648498535,1.4562499523162842
1750766444.0556078,inf,inf,6.256999969482422,1.4605000019073486
1750766444.5889838,0.4165000021457672,inf,6.2442498207092285,1.4572499990463257
1750766445.1667676,0.41725000739097595,inf,6.266250133514404,1.4817500114440918
1750766445.7430997,0.41324999928474426,inf,6.25,1.4597500562667847
1750766446.232431,0.41850000619888306,inf,6.260250091552734,1.4617500305175781
1750766446.8091955,0.41725000739097595,inf,6.264500141143799,1.46274995803833
1750766447.3429954,0.41874998807907104,inf,inf,1.4827500581741333
1750766447.8313088,0.414000004529953,inf,6.245500087738037,1.4585000276565552
1750766448.2757194,0.4167500138282776,inf,6.250999927520752,1.4559999704360962
1750766448.6756372,0.4189999997615814,inf,6.26800012588501,1.4807499647140503
1750766449.1199834,0.41499999165534973,inf,6.2477498054504395,1.4567500352859497
1750766449.6971815,0.41350001096725464,inf,6.25724983215332,1.4597500562667847
1750766450.2745712,0.4177500009536743,inf,6.264500141143799,1.4802500009536743
1750766450.8067257,0.41475000977516174,inf,6.24875020980835,1.4572499990463257
1750766451.2966723,0.41874998807907104,inf,6.261750221252441,1.462249994277954
1750766451.873732,inf,inf,6.2144999504089355,1.465250015258789
1750766452.4068928,0.41850000619888306,inf,inf,1.4850000143051147
1750766452.983423,0.41850000619888306,inf,6.2507500648498535,1.4559999704360962
1750766453.4282355,0.4180000126361847,inf,6.2492499351501465,1.4567500352859497
1750766454.0057497,0.41350001096725464,inf,6.247499942779541,1.4572499990463257
1750766454.5825472,0.41350001096725464,inf,6.250500202178955,1.4600000381469727
1750766455.1603348,0.41850000619888306,inf,inf,1.4827500581741333
1750766455.7373474,0.41449999809265137,inf,6.259749889373779,1.462249994277954
1750766456.314871,0.4182499945163727,inf,6.2417497634887695,1.4572499990463257
1750766456.8926635,0.4177500009536743,inf,6.26324987411499,1.462499976158142
1750766457.381768,0.41999998688697815,inf,6.272500038146973,1.4819999933242798
1750766457.7818277,0.41475000977516174,inf,6.259250164031982,1.462249994277954
1750766458.1817105,0.4124999940395355,inf,6.2457499504089355,1.4589999914169312
1750766458.7586176,0.4182499945163727,inf,inf,1.4852499961853027
1750766459.3360364,0.4124999940395355,inf,6.2517499923706055,1.4579999446868896
1750766459.8691707,0.41999998688697815,inf,6.266250133514404,1.4819999933242798
1750766460.446423,0.4127500057220459,inf,6.249499797821045,1.4567500352859497
1750766461.0233448,0.41999998688697815,inf,6.26800012588501,1.4819999933242798
1750766461.5575032,0.4557499885559082,inf,6.2522501945495605,1.4597500562667847
1750766462.1344635,0.5385000109672546,inf,6.25724983215332,1.4612499475479126
1750766462.712195,inf,inf,inf,1.4830000400543213
1750766463.2442389,inf,inf,6.264500141143799,1.4800000190734863
1750766463.8220308,0.45875000953674316,inf,6.263999938964844,1.4802500009536743
1750766464.2671785,inf,inf,inf,1.4832500219345093
1750766464.7992527,inf,inf,6.270999908447266,1.4819999933242798
1750766465.2883515,inf,inf,6.250999927520752,1.4592499732971191
1750766465.8650427,0.45399999618530273,inf,6.239250183105469,1.465250015258789
1750766466.398782,inf,inf,inf,1.4850000143051147
1750766466.9757822,inf,inf,6.252500057220459,1.4585000276565552
1750766467.5529456,inf,inf,inf,1.4832500219345093
1750766468.1305463,inf,inf,6.2522501945495605,1.4592499732971191
1750766468.6641543,inf,inf,inf,1.4850000143051147
1750766469.1970115,inf,inf,6.243750095367432,1.4589999914169312
1750766469.597518,0.45649999380111694,inf,6.248499870300293,1.4565000534057617
1750766470.0411959,0.4699999988079071,inf,inf,1.4850000143051147
1750766470.5739415,inf,inf,6.240250110626221,1.4570000171661377
1750766471.1065028,inf,inf,6.25124979019165,1.4562499523162842
1750766471.5513027,inf,inf,6.249499797821045,1.4567500352859497
1750766472.128444,inf,inf,6.257999897003174,1.4609999656677246
1750766472.7063766,inf,inf,6.249499797821045,1.4589999914169312
1750766473.194617,inf,inf,6.241000175476074,1.465250015258789
1750766473.5951848,inf,inf,6.243750095367432,1.4557499885559082
1750766473.9947474,inf,inf,6.245250225067139,1.4572499990463257
1750766474.5274143,inf,inf,6.2442498207092285,1.4555000066757202
1750766474.883415,inf,inf,6.250249862670898,1.4570000171661377
1750766475.326341,inf,inf,6.261250019073486,1.4812500476837158
1750766475.9038615,inf,inf,6.255499839782715,1.4602500200271606
1750766476.4373016,inf,inf,6.249000072479248,1.4574999809265137
1750766477.014373,inf,inf,6.26200008392334,inf
1750766477.5034356,inf,inf,6.256249904632568,1.46274995803833
1750766478.0363536,inf,inf,6.249750137329102,1.4597500562667847
1750766478.6132457,inf,inf,6.248499870300293,inf
1750766479.102785,inf,inf,6.244750022888184,inf
1750766479.679929,inf,inf,6.265250205993652,1.4822499752044678
1750766480.1244159,inf,inf,6.251999855041504,1.462249994277954
1750766480.7022445,inf,inf,6.249750137329102,inf
1750766481.1905684,inf,inf,6.264750003814697,1.4809999465942383
1750766481.767549,inf,inf,6.25124979019165,inf
1750766482.3443997,inf,inf,6.245999813079834,1.4804999828338623
1750766482.878791,inf,inf,6.255000114440918,1.4600000381469727
1750766483.4116695,inf,inf,6.254499912261963,1.4617500305175781
1750766483.811114,inf,inf,6.276000022888184,1.4830000400543213
1750766484.3435962,inf,inf,6.243750095367432,1.4579999446868896
1750766484.9212663,inf,inf,6.25600004196167,1.4605000019073486
1750766485.4098816,inf,inf,6.242249965667725,1.4589999914169312
1750766485.9426064,inf,inf,6.241250038146973,1.465000033378601
1750766486.5202663,inf,inf,6.247250080108643,1.4594999551773071
1750766487.098007,inf,inf,6.248000144958496,1.4582500457763672
1750766487.6749275,inf,inf,6.267250061035156,1.4822499752044678
1750766488.1644819,inf,inf,6.250500202178955,1.4574999809265137
1750766488.6970754,inf,inf,6.24275016784668,1.4572499990463257
1750766489.2742038,inf,inf,inf,1.4852499961853027
1750766489.8514411,inf,inf,6.244999885559082,inf
1750766490.3855572,inf,inf,6.241499900817871,1.465999960899353
1750766490.9622736,inf,inf,6.264999866485596,1.4632500410079956
1750766491.5395694,inf,inf,6.250500202178955,1.4620000123977661
1750766492.0724747,inf,inf,6.2542500495910645,1.4620000123977661
1750766492.650406,inf,inf,6.24875020980835,1.4592499732971191
1750766493.227426,inf,inf,6.244999885559082,inf
1750766493.805002,inf,inf,6.245500087738037,inf
1750766494.33852,inf,inf,6.264750003814697,1.4812500476837158
1750766494.915879,inf,inf,6.261499881744385,1.4602500200271606
1750766495.4937887,inf,inf,6.256750106811523,1.4620000123977661
1750766496.070858,inf,inf,6.2507500648498535,1.4572499990463257
1750766496.6480951,inf,inf,6.241250038146973,1.4574999809265137
1750766497.2253983,inf,inf,6.268499851226807,1.4827500581741333
1750766497.8032222,inf,inf,6.268499851226807,1.4797500371932983
1750766498.3805318,inf,inf,6.269499778747559,1.4797500371932983
1750766498.957553,inf,inf,6.26200008392334,inf
1750766499.5350816,inf,inf,6.263500213623047,1.4797500371932983
1750766500.1123917,inf,inf,6.219749927520752,1.4565000534057617
1750766500.64605,inf,inf,6.252749919891357,1.4567500352859497
1750766501.223387,inf,inf,6.249000072479248,1.4572499990463257
1750766501.800851,inf,inf,6.243500232696533,1.4592499732971191
1750766502.3776662,inf,inf,6.24399995803833,1.4574999809265137
1750766502.9557188,inf,inf,6.243750095367432,1.4552500247955322
1750766503.5334973,inf,inf,inf,1.4845000505447388
1750766504.1104093,inf,inf,6.266250133514404,1.4800000190734863
1750766504.6878548,inf,inf,6.260000228881836,1.4597500562667847
1750766505.265138,inf,inf,6.25,1.4600000381469727
1750766505.8422093,inf,inf,6.254749774932861,1.462499976158142
1750766506.3315582,inf,inf,6.260499954223633,1.4617500305175781
1750766506.9089613,inf,inf,6.251500129699707,1.4592499732971191
1750766507.4862964,inf,inf,6.256999969482422,1.4592499732971191
1750766508.0635958,inf,inf,6.247000217437744,1.4592499732971191
1750766508.6412551,inf,inf,6.2477498054504395,1.4567500352859497
1750766509.2185571,inf,inf,6.2457499504089355,1.4594999551773071
1750766509.7962093,inf,inf,6.240250110626221,1.4592499732971191
1750766510.3296192,inf,inf,6.24275016784668,1.4555000066757202
1750766510.906465,inf,inf,6.252749919891357,1.4594999551773071
1750766511.4847074,inf,inf,6.266250133514404,1.4817500114440918
1750766512.0177348,inf,inf,6.250999927520752,1.4592499732971191
1750766512.5497715,inf,inf,6.256999969482422,1.4592499732971191
1750766512.9949632,inf,inf,6.2507500648498535,1.4594999551773071
1750766513.4389699,inf,inf,6.264500141143799,1.4817500114440918
1750766514.0160048,inf,inf,6.2492499351501465,inf
1750766514.4609153,inf,inf,6.252500057220459,1.4587500095367432
1750766514.9487069,inf,inf,6.269750118255615,1.4804999828338623
1750766515.437968,inf,inf,6.241499900817871,1.4592499732971191
1750766515.925359,inf,inf,6.256499767303467,1.4597500562667847
1750766516.5029943,inf,inf,6.236999988555908,1.465749979019165
1750766516.992241,inf,inf,6.239500045776367,1.4667500257492065
1750766517.3919926,inf,inf,6.2532501220703125,1.4565000534057617
1750766517.9698305,inf,inf,6.266749858856201,1.4807499647140503
1750766518.5023553,inf,inf,6.258749961853027,1.4824999570846558
1750766518.9913278,inf,inf,6.247000217437744,1.4565000534057617
1750766519.479806,inf,inf,6.245500087738037,1.4600000381469727
1750766519.9238486,inf,inf,inf,1.4850000143051147
1750766520.5010011,inf,inf,6.248499870300293,1.4620000123977661
1750766521.0783072,inf,inf,6.268249988555908,1.4804999828338623
1750766521.5677009,inf,inf,6.266250133514404,1.4802500009536743
1750766522.10033,inf,inf,6.264999866485596,1.4800000190734863
1750766522.5001676,inf,inf,6.252999782562256,inf
1750766522.8562522,inf,inf,6.2542500495910645,inf
1750766523.344695,inf,inf,6.264500141143799,1.4850000143051147
1750766523.9218926,inf,inf,6.2557501792907715,inf
1750766524.4098952,inf,inf,6.2457499504089355,inf
1750766524.987181,inf,inf,6.241000175476074,inf
1750766525.5209966,inf,inf,6.28725004196167,1.5080000162124634
1750766526.0982015,inf,inf,6.265500068664551,inf
1750766526.6758533,inf,inf,6.250500202178955,inf
1750766527.0755491,inf,inf,6.262499809265137,inf
1750766527.6527941,inf,inf,6.265500068664551,inf
1750766528.230292,inf,inf,6.250500202178955,inf
1750766528.8077378,inf,inf,6.261250019073486,1.4630000591278076
1750766529.3850214,inf,inf,6.251500129699707,inf
1750766529.9624686,inf,inf,6.24875020980835,inf
1750766530.4514475,inf,inf,6.253499984741211,inf
1750766530.983815,inf,inf,6.266250133514404,inf
1750766531.5170047,inf,inf,6.264999866485596,inf
1750766532.0943377,inf,inf,6.256750106811523,inf
1750766532.5835686,inf,inf,6.235000133514404,inf
1750766533.1161685,inf,inf,6.2467498779296875,inf
1750766533.560742,inf,inf,6.264750003814697,1.5132499933242798
1750766534.0060174,inf,inf,6.247499942779541,inf
1750766534.4051988,inf,inf,6.245999813079834,inf
1750766534.8931735,inf,inf,6.257500171661377,inf
1750766535.2931378,inf,inf,6.262249946594238,inf
1750766535.7820203,inf,inf,6.255249977111816,inf
1750766536.3591008,inf,inf,6.255499839782715,inf
1750766536.9365504,inf,inf,6.25124979019165,inf
1750766537.513977,inf,inf,6.2442498207092285,inf
1750766538.0912638,inf,inf,6.234499931335449,inf
1750766538.6686387,inf,inf,inf,1.4865000247955322
1750766539.2462087,inf,inf,6.263000011444092,1.4824999570846558
1750766539.823416,inf,inf,inf,1.4862500429153442
1750766540.2238839,inf,inf,6.245250225067139,inf
1750766540.6234019,inf,inf,6.252500057220459,inf
1750766541.022992,inf,inf,6.252999782562256,inf
1750766541.5118968,inf,inf,6.25600004196167,1.4845000505447388
1750766542.089402,inf,inf,6.2492499351501465,inf
1750766542.6216962,inf,inf,6.241000175476074,inf
1750766543.1549509,inf,inf,6.253749847412109,inf
1750766543.6879964,inf,inf,6.255249977111816,inf
1750766544.2213244,inf,inf,6.255000114440918,inf
1750766544.7986536,inf,inf,6.235499858856201,inf
1750766545.3759935,inf,inf,6.242249965667725,inf
1750766545.9532413,inf,inf,6.245500087738037,inf
1750766546.5306292,inf,inf,6.2482500076293945,inf
1750766547.1081977,inf,inf,6.24875020980835,inf
1750766547.6415086,inf,inf,6.264249801635742,1.4809999465942383
1750766548.219132,inf,inf,6.25124979019165,inf
1750766548.7967632,inf,inf,inf,1.4859999418258667
1750766549.3740735,inf,inf,6.232250213623047,inf
1750766549.8619585,inf,inf,6.254000186920166,inf
1750766550.3958807,inf,inf,6.252999782562256,inf
1750766550.9725804,inf,inf,6.235249996185303,inf
1750766551.4613776,inf,inf,6.249000072479248,inf
1750766551.950611,inf,inf,6.2522501945495605,inf
1750766552.4831696,inf,inf,6.25724983215332,1.4835000038146973
1750766552.9721477,inf,inf,6.26324987411499,1.4812500476837158
1750766553.549467,inf,inf,6.255000114440918,inf
1750766554.127236,inf,inf,6.254499912261963,inf
1750766554.659488,inf,inf,6.2557501792907715,inf
1750766555.2372403,inf,inf,6.241250038146973,inf
1750766555.8143086,inf,inf,6.263999938964844,inf
1750766556.3922477,inf,inf,6.245500087738037,inf
1750766556.9688969,inf,inf,6.255499839782715,inf
1750766557.5025506,inf,inf,6.240749835968018,inf
1750766558.0802362,inf,inf,inf,1.4859999418258667
1750766558.6578355,inf,inf,inf,1.4857499599456787
1750766559.2352712,inf,inf,inf,1.4857499599456787
1750766559.81232,inf,inf,inf,1.4857499599456787
1750766560.389505,inf,inf,6.258999824523926,inf
1750766560.9667246,inf,inf,6.2582502365112305,inf
1750766561.456416,inf,inf,6.250500202178955,inf
1750766561.9893951,inf,inf,6.254499912261963,inf
1750766562.5665374,inf,inf,6.2517499923706055,inf
1750766563.1439235,inf,inf,6.247499942779541,inf
1750766563.7212555,inf,inf,6.261250019073486,1.4837499856948853
1750766564.2985013,inf,inf,6.24399995803833,inf
1750766564.7878726,inf,inf,6.265500068664551,inf
1750766565.3643544,inf,inf,6.26324987411499,1.4824999570846558
1750766565.9418707,inf,inf,6.260749816894531,1.4837499856948853
1750766566.5196784,inf,inf,6.266250133514404,1.4800000190734863
1750766567.0971212,inf,inf,6.259500026702881,inf
1750766567.6744606,inf,inf,6.258999824523926,inf
1750766568.1190565,inf,inf,inf,1.4854999780654907
1750766568.563669,inf,inf,6.260000228881836,inf
1750766568.918901,inf,inf,6.265999794006348,1.4809999465942383
1750766569.4513118,inf,inf,6.265500068664551,inf
1750766570.0287063,inf,inf,6.250500202178955,inf
1750766570.60639,inf,inf,6.265500068664551,1.4817500114440918
1750766571.1833565,inf,inf,6.256499767303467,inf
1750766571.6729968,inf,inf,6.245500087738037,inf
1750766572.2497554,inf,inf,inf,1.4859999418258667
1750766572.8276064,inf,inf,6.25724983215332,inf
1750766573.4044285,inf,inf,6.2482500076293945,inf
1750766573.9820051,inf,inf,6.255000114440918,inf
1750766574.5597537,inf,inf,6.2467498779296875,inf
1750766575.1368413,inf,inf,6.244750022888184,inf
1750766575.6705348,inf,inf,6.241250038146973,1.472749948501587
1750766576.2027006,inf,inf,6.254749774932861,inf
1750766576.603186,inf,inf,6.252749919891357,inf
1750766577.0031416,inf,inf,6.256499767303467,inf
1750766577.447382,inf,inf,6.257750034332275,inf
1750766577.9795418,inf,inf,6.256499767303467,inf
1750766578.5575037,inf,inf,6.260250091552734,inf
1750766579.0901303,inf,inf,6.250500202178955,inf
1750766579.6231167,inf,inf,6.247499942779541,inf
1750766580.1567125,inf,inf,6.258500099182129,1.4639999866485596
1750766580.733865,inf,inf,6.264750003814697,1.4817500114440918
1750766581.3115144,inf,inf,6.2557501792907715,inf
1750766581.7560587,inf,inf,6.24399995803833,inf
1750766582.2880375,inf,inf,6.257750034332275,1.4615000486373901
1750766582.7767725,inf,inf,6.247499942779541,1.4605000019073486
1750766583.1773942,inf,inf,6.256999969482422,1.4630000591278076
1750766583.7097714,inf,inf,6.2582502365112305,1.4842499494552612
1750766584.287412,inf,inf,6.24399995803833,inf
1750766584.864855,inf,inf,6.2507500648498535,inf
1750766585.4424415,inf,inf,6.2507500648498535,inf
1750766586.0193043,inf,inf,6.2507500648498535,inf
1750766586.5974343,inf,inf,inf,1.5217499732971191
1750766587.174272,inf,inf,6.25600004196167,inf
1750766587.7079775,inf,inf,6.249000072479248,inf
1750766588.2854075,inf,inf,6.24399995803833,inf
1750766588.8629894,inf,inf,6.259500026702881,inf
1750766589.439964,inf,inf,6.251999855041504,inf
1750766590.017299,inf,inf,6.245999813079834,inf
1750766590.5950985,inf,inf,6.244999885559082,inf
1750766591.1722453,inf,inf,6.2442498207092285,inf
1750766591.749791,inf,inf,6.244750022888184,inf
1750766592.3273425,inf,inf,6.244500160217285,inf
1750766592.7719214,inf,inf,6.254749774932861,inf
1750766593.215333,inf,inf,6.264999866485596,inf
1750766593.7491355,inf,inf,6.265999794006348,inf
1750766594.3261254,inf,inf,6.265749931335449,inf
1750766594.770886,inf,inf,6.255000114440918,inf
1750766595.3477247,inf,inf,6.253499984741211,inf
1750766595.924898,inf,inf,6.252999782562256,inf
1750766596.4584208,inf,inf,6.2492499351501465,inf
1750766596.991201,inf,inf,6.255249977111816,inf
1750766597.5691571,inf,inf,6.25,inf
1750766598.14652,inf,inf,6.2532501220703125,inf
1750766598.7238271,inf,inf,6.252999782562256,1.4597500562667847
1750766599.3012471,inf,inf,6.258500099182129,inf
1750766599.833718,inf,inf,6.2507500648498535,inf
1750766600.411459,inf,inf,6.259500026702881,1.4637500047683716
1750766600.8998492,inf,inf,6.2542500495910645,1.464750051498413
1750766601.3891811,inf,inf,6.2507500648498535,1.4867500066757202
1750766601.9225113,inf,inf,6.264750003814697,1.4830000400543213
