time,range_0,range_90,range_180,range_270,range_360
1750739762.2634661,inf,inf,0.7707499861717224,2.58174991607666
1750739762.840969,inf,inf,0.7745000123977661,inf
1750739763.2858899,inf,inf,0.7732499837875366,inf
1750739763.8632915,inf,inf,0.7710000276565552,inf
1750739764.44061,inf,inf,0.7764999866485596,inf
1750739765.0182147,inf,inf,0.7727500200271606,inf
1750739765.5954885,inf,inf,0.7735000252723694,inf
1750739766.1728814,inf,inf,0.7767500281333923,inf
1750739766.7500315,inf,inf,0.7724999785423279,inf
1750739767.327557,inf,inf,0.7732499837875366,inf
1750739767.728322,inf,inf,0.7767500281333923,inf
1750739768.1720088,inf,inf,0.7735000252723694,inf
1750739768.7491283,inf,inf,0.7737500071525574,inf
1750739769.3265297,inf,inf,0.7730000019073486,inf
1750739769.9035761,inf,inf,0.7724999785423279,inf
1750739770.348284,inf,inf,0.7730000019073486,inf
1750739770.7929366,inf,inf,0.7705000042915344,inf
1750739771.325569,inf,inf,0.7722499966621399,inf
1750739771.903216,inf,inf,0.7707499861717224,2.5869998931884766
1750739772.4803689,inf,inf,0.7735000252723694,inf
1750739773.057889,inf,inf,0.7707499861717224,inf
1750739773.6348763,inf,0.15725000202655792,0.7727500200271606,inf
1750739774.168852,inf,inf,inf,2.560499906539917
1750739774.7464085,inf,0.15674999356269836,inf,2.5855000019073486
1750739775.323511,0.22200000286102295,inf,inf,inf
1750739775.900706,inf,inf,inf,2.565500020980835
1750739776.478063,inf,inf,inf,inf
1750739777.0555637,inf,inf,inf,inf
1750739777.63279,inf,inf,inf,inf
1750739778.2101479,inf,inf,inf,inf
1750739778.7880867,inf,inf,inf,2.5617499351501465
1750739779.277472,inf,inf,inf,inf
1750739779.853494,inf,inf,inf,inf
1750739780.4314883,inf,inf,inf,inf
1750739781.0088792,inf,inf,inf,2.5727500915527344
1750739781.5861473,inf,inf,inf,2.5652499198913574
1750739782.1635082,inf,inf,inf,2.553999900817871
1750739782.740877,inf,inf,inf,2.555500030517578
1750739783.318283,inf,inf,inf,inf
1750739783.8520253,inf,inf,inf,inf
1750739784.429528,inf,inf,0.7730000019073486,2.552999973297119
1750739785.0069993,inf,inf,0.7739999890327454,inf
1750739785.5397243,inf,inf,0.7717499732971191,inf
1750739786.1170669,inf,inf,0.7760000228881836,inf
1750739786.6064973,inf,inf,0.7752500176429749,inf
1750739787.094228,inf,inf,0.7742499709129333,inf
1750739787.5833046,0.2292499989271164,inf,0.7739999890327454,inf
1750739788.1610246,0.226500004529953,inf,0.7760000228881836,inf
1750739788.7378485,inf,inf,0.7742499709129333,inf
1750739789.3152478,0.22624999284744263,inf,0.7757499814033508,inf
1750739789.84786,inf,inf,0.7742499709129333,inf
1750739790.3376105,0.2292499989271164,inf,0.7735000252723694,inf
1750739790.914426,inf,inf,0.7739999890327454,inf
1750739791.492082,inf,inf,0.7757499814033508,inf
1750739792.069248,inf,inf,0.7720000147819519,inf
1750739792.6024323,inf,inf,0.7707499861717224,inf
1750739793.1792846,inf,inf,0.7762500047683716,inf
1750739793.7132807,inf,inf,0.7712500095367432,inf
1750739794.2904656,inf,inf,0.7727500200271606,inf
1750739794.8671248,inf,inf,0.7712500095367432,inf
1750739795.4454458,inf,inf,0.7754999995231628,inf
1750739795.889745,inf,inf,0.7749999761581421,inf
1750739796.4671483,inf,inf,0.7730000019073486,inf
1750739796.955118,inf,inf,0.7767500281333923,inf
1750739797.5326202,inf,inf,0.7737500071525574,inf
1750739798.021656,inf,inf,0.777999997138977,inf
1750739798.599033,inf,inf,0.7730000019073486,inf
1750739799.1763413,inf,inf,0.7735000252723694,inf
1750739799.7533507,inf,inf,0.7739999890327454,inf
1750739800.331334,inf,inf,0.7730000019073486,inf
1750739800.9086828,inf,inf,0.7727500200271606,inf
1750739801.486138,inf,inf,0.7707499861717224,inf
1750739802.0632257,inf,inf,0.7754999995231628,inf
1750739802.5966258,inf,inf,0.7742499709129333,inf
1750739803.0855606,inf,inf,0.7762500047683716,inf
1750739803.4852145,inf,inf,0.7752500176429749,inf
1750739803.8850844,inf,inf,0.7745000123977661,inf
1750739804.4622266,inf,inf,0.7754999995231628,inf
1750739804.906019,inf,inf,0.7727500200271606,inf
1750739805.3062634,inf,inf,0.7705000042915344,inf
1750739805.8388443,inf,inf,0.7757499814033508,inf
1750739806.4163246,inf,inf,0.7727500200271606,inf
1750739806.9053428,inf,inf,0.7764999866485596,inf
1750739807.3055031,inf,inf,0.7742499709129333,inf
1750739807.794021,inf,inf,0.7732499837875366,inf
1750739808.2383654,inf,inf,0.7732499837875366,inf
1750739808.6823006,inf,0.16249999403953552,0.7702500224113464,inf
1750739809.1703892,inf,inf,0.7767500281333923,inf
1750739809.5703275,inf,inf,inf,inf
1750739810.1041052,inf,inf,inf,inf
1750739810.5035563,inf,inf,inf,inf
1750739810.9921162,inf,inf,0.7670000195503235,inf
1750739811.3915002,inf,inf,0.7702500224113464,inf
1750739811.8359168,inf,inf,0.7702500224113464,inf
1750739812.369496,inf,inf,0.7707499861717224,inf
1750739812.8132005,inf,inf,0.7727500200271606,inf
1750739813.3904338,inf,inf,0.7745000123977661,inf
1750739813.968138,inf,inf,0.7727500200271606,inf
1750739814.5457375,inf,inf,0.7754999995231628,inf
1750739815.1226604,inf,inf,0.7722499966621399,inf
1750739815.700283,inf,inf,0.7745000123977661,inf
1750739816.2772822,inf,inf,0.7745000123977661,inf
1750739816.8110385,inf,inf,0.7730000019073486,inf
1750739817.3884673,inf,inf,0.7707499861717224,inf
1750739817.966229,inf,inf,0.7707499861717224,inf
1750739818.5437784,inf,inf,0.7722499966621399,inf
1750739819.1206741,inf,inf,0.7739999890327454,inf
1750739819.6981518,inf,inf,0.7739999890327454,inf
1750739820.1427026,inf,inf,0.7727500200271606,inf
1750739820.7197928,inf,inf,0.7727500200271606,inf
1750739821.2975101,inf,0.16224999725818634,0.7722499966621399,inf
1750739821.8748283,inf,0.16175000369548798,0.7720000147819519,inf
1750739822.4518683,inf,inf,0.7757499814033508,inf
1750739823.02943,inf,inf,0.7742499709129333,inf
1750739823.6066928,inf,0.1627500057220459,0.7764999866485596,inf
1750739824.184135,inf,inf,0.7720000147819519,inf
1750739824.7177792,inf,0.16175000369548798,0.7714999914169312,inf
1750739825.295253,inf,inf,0.7720000147819519,inf
1750739825.8729627,inf,inf,0.7739999890327454,inf
1750739826.4500163,inf,inf,0.7754999995231628,inf
1750739827.0278423,inf,inf,0.7732499837875366,inf
1750739827.4719167,inf,inf,0.7742499709129333,inf
1750739828.0492837,inf,inf,0.7754999995231628,inf
1750739828.5824301,inf,inf,0.7730000019073486,inf
1750739829.1591287,inf,inf,0.7735000252723694,inf
1750739829.7368577,inf,inf,0.7714999914169312,inf
1750739830.2256625,inf,0.1627500057220459,0.7710000276565552,inf
1750739830.8027265,inf,inf,0.7720000147819519,inf
1750739831.2913942,inf,0.1615000069141388,0.7705000042915344,inf
1750739831.8248405,inf,inf,0.7717499732971191,inf
1750739832.3578966,inf,0.16349999606609344,0.7754999995231628,inf
1750739832.7575862,inf,inf,0.7724999785423279,inf
1750739833.2019854,inf,0.16324999928474426,0.7727500200271606,inf
1750739833.734605,inf,0.16349999606609344,0.7754999995231628,inf
1750739834.3122392,inf,inf,0.7754999995231628,inf
1750739834.8890533,inf,inf,0.7757499814033508,inf
1750739835.333151,inf,0.16224999725818634,0.7714999914169312,inf
1750739835.821975,inf,0.16324999928474426,0.7722499966621399,inf
1750739836.3559253,inf,inf,0.7745000123977661,inf
1750739836.933113,inf,inf,0.7724999785423279,inf
1750739837.509691,inf,0.1627500057220459,0.7732499837875366,inf
1750739838.0431068,inf,inf,0.7735000252723694,inf
1750739838.6206343,inf,inf,0.7760000228881836,inf
1750739839.1979213,inf,inf,0.7722499966621399,inf
1750739839.7755778,inf,inf,0.7757499814033508,inf
1750739840.2644033,inf,inf,0.7710000276565552,inf
1750739840.8412,inf,inf,0.7754999995231628,inf
1750739841.4193013,inf,inf,0.7722499966621399,inf
1750739841.9517596,inf,inf,0.7724999785423279,inf
1750739842.3522387,inf,inf,0.7735000252723694,inf
1750739842.9290032,inf,inf,0.7720000147819519,inf
1750739843.418454,inf,inf,0.7717499732971191,inf
1750739843.9955347,inf,0.1602499932050705,0.7717499732971191,inf
1750739844.5729477,inf,inf,inf,inf
1750739845.1056542,inf,inf,inf,inf
1750739845.5945797,inf,inf,inf,inf
1750739846.127738,inf,inf,0.7749999761581421,inf
1750739846.7048264,inf,inf,inf,inf
1750739847.2822378,inf,inf,0.7742499709129333,inf
1750739847.8158655,inf,inf,inf,inf
1750739848.3493514,inf,inf,inf,inf
1750739848.8814297,inf,inf,inf,inf
1750739849.4589627,inf,inf,inf,inf
1750739850.03607,inf,inf,inf,inf
1750739850.5700443,inf,inf,inf,inf
1750739851.14712,inf,inf,inf,inf
1750739851.8127856,inf,inf,inf,inf
1750739852.347018,inf,0.16099999845027924,0.7720000147819519,inf
1750739852.9240441,inf,inf,0.7720000147819519,inf
1750739853.5017753,inf,0.1627500057220459,0.7730000019073486,inf
1750739854.079146,inf,0.16300000250339508,0.7724999785423279,inf
1750739854.656057,inf,inf,0.7717499732971191,inf
1750739855.2337127,inf,0.1602499932050705,0.7732499837875366,inf
1750739855.8109426,inf,inf,0.7749999761581421,inf
1750739856.3886309,inf,0.1589999943971634,0.7720000147819519,inf
1750739856.966067,inf,inf,0.7727500200271606,inf
1750739857.543119,inf,0.15974999964237213,0.7722499966621399,inf
1750739858.077331,inf,0.15925000607967377,0.7732499837875366,inf
1750739858.654109,inf,0.16300000250339508,0.7735000252723694,inf
1750739859.2318487,inf,0.16300000250339508,0.7735000252723694,inf
1750739859.8083677,inf,0.16249999403953552,0.7730000019073486,inf
1750739860.3863773,inf,0.16200000047683716,0.7724999785423279,inf
1750739860.9641051,inf,0.1627500057220459,0.7727500200271606,inf
1750739861.5410373,inf,inf,inf,inf
1750739862.118689,inf,inf,inf,inf
1750739862.695771,inf,0.16200000047683716,0.7774999737739563,inf
1750739863.2733166,inf,inf,inf,inf
1750739863.806895,inf,inf,0.7742499709129333,inf
1750739864.3847015,inf,0.16099999845027924,0.7707499861717224,inf
1750739864.961291,inf,0.16050000488758087,0.7717499732971191,inf
1750739865.4943202,inf,0.16124999523162842,0.7714999914169312,inf
1750739866.0722415,inf,0.16099999845027924,0.7702500224113464,2.5562500953674316
1750739866.6493008,inf,0.15649999678134918,0.7707499861717224,inf
1750739867.226787,inf,0.15600000321865082,0.7712500095367432,inf
1750739867.5376747,inf,0.15649999678134918,0.7705000042915344,inf
1750739868.0261745,inf,inf,0.7764999866485596,inf
1750739868.6036165,inf,inf,0.7762500047683716,inf
1750739869.1374185,inf,0.15625,0.7727500200271606,inf
1750739869.7146988,inf,0.15649999678134918,0.7705000042915344,inf
1750739870.1145594,inf,0.15674999356269836,0.7727500200271606,inf
1750739870.5146334,inf,0.15674999356269836,0.7745000123977661,inf
1750739870.9141643,inf,0.15700000524520874,0.7702500224113464,inf
1750739871.4914975,inf,0.1577499955892563,0.7707499861717224,inf
1750739872.0690734,inf,0.15649999678134918,0.7717499732971191,inf
1750739872.6463792,inf,0.15625,0.7707499861717224,inf
1750739873.1794703,inf,0.1577499955892563,0.7714999914169312,inf
1750739873.6238928,inf,inf,inf,inf
1750739874.1562562,inf,0.1574999988079071,0.7707499861717224,inf
1750739874.7336483,inf,inf,0.7760000228881836,inf
1750739875.311028,inf,inf,0.7747499942779541,inf
1750739875.845112,inf,inf,inf,inf
1750739876.4218984,inf,inf,inf,inf
1750739876.9997013,inf,inf,inf,2.552500009536743
1750739877.576776,inf,inf,inf,2.5107500553131104
1750739878.1541362,inf,inf,0.7749999761581421,inf
1750739878.731801,inf,inf,0.7742499709129333,2.5487499237060547
1750739879.3091025,inf,0.15600000321865082,0.7722499966621399,2.5477499961853027
1750739879.8859775,inf,0.15575000643730164,0.7727500200271606,2.5460000038146973
1750739880.4636517,inf,0.15575000643730164,0.7730000019073486,2.5455000400543213
1750739881.040994,inf,0.15575000643730164,0.7730000019073486,2.5464999675750732
1750739881.57474,inf,inf,0.7749999761581421,2.546999931335449
1750739882.152665,inf,0.15600000321865082,0.7742499709129333,2.5439999103546143
1750739882.7299867,inf,0.15625,0.7730000019073486,2.5460000038146973
1750739883.262532,inf,inf,0.7752500176429749,2.5457499027252197
1750739883.8400953,inf,0.15625,0.7727500200271606,2.5510001182556152
1750739884.4171975,inf,inf,0.7764999866485596,2.5607500076293945
1750739884.9944715,inf,inf,0.7772499918937683,2.5457499027252197
1750739885.571771,inf,inf,0.7749999761581421,2.5464999675750732
1750739886.0611663,inf,inf,0.7732499837875366,2.543750047683716
1750739886.6383734,inf,inf,0.7730000019073486,2.5464999675750732
1750739887.2157395,inf,0.6679999828338623,0.7707499861717224,2.5460000038146973
1750739887.7930427,inf,inf,0.7710000276565552,2.547499895095825
1750739888.3705251,inf,inf,0.7762500047683716,2.559000015258789
1750739888.9480426,inf,inf,0.7714999914169312,2.5472500324249268
1750739889.52544,inf,inf,0.7735000252723694,2.547499895095825
1750739890.0593376,inf,inf,0.7764999866485596,2.5452499389648438
1750739890.6362655,inf,inf,0.7749999761581421,2.546999931335449
1750739891.2137232,inf,0.4702500104904175,0.7737500071525574,2.5502500534057617
1750739891.7911015,inf,inf,0.7720000147819519,2.5452499389648438
1750739892.368878,inf,0.4727500081062317,0.7747499942779541,2.546250104904175
1750739892.9462638,inf,inf,0.7730000019073486,2.544250011444092
1750739893.5232973,inf,inf,0.7745000123977661,2.547499895095825
1750739894.1006677,inf,inf,0.7724999785423279,2.5492498874664307
1750739894.6779969,inf,inf,0.7730000019073486,2.54325008392334
1750739895.2553275,inf,inf,0.7722499966621399,2.54325008392334
1750739895.7890868,inf,inf,0.7735000252723694,2.547499895095825
1750739896.3666868,inf,inf,0.7710000276565552,2.5497500896453857
1750739896.8996572,inf,inf,0.7720000147819519,2.5450000762939453
1750739897.4767811,inf,inf,0.7724999785423279,2.5464999675750732
1750739898.05419,inf,inf,0.7714999914169312,2.5490000247955322
1750739898.6315753,inf,inf,0.7710000276565552,2.546250104904175
1750739899.209018,inf,inf,0.7732499837875366,2.5439999103546143
1750739899.7860878,inf,inf,0.7739999890327454,2.546250104904175
1750739900.2305799,inf,inf,0.7735000252723694,2.5464999675750732
1750739900.6752381,inf,inf,0.7724999785423279,2.5427498817443848
1750739901.2521942,inf,inf,0.7722499966621399,2.5485000610351562
1750739901.8301156,inf,inf,0.7730000019073486,2.542249917984009
1750739902.3624573,inf,inf,0.7742499709129333,2.547499895095825
1750739902.8962498,inf,inf,0.7720000147819519,2.547499895095825
1750739903.4739187,inf,inf,0.7727500200271606,2.546999931335449
1750739904.051428,inf,inf,0.7752500176429749,2.5572500228881836
1750739904.6286056,inf,inf,0.7714999914169312,2.5497500896453857
1750739905.117012,inf,inf,0.7730000019073486,2.5487499237060547
1750739905.5615017,inf,0.9482499957084656,0.7732499837875366,2.5477499961853027
1750739906.1383333,inf,0.9399999976158142,0.7749999761581421,2.558500051498413
1750739906.5828488,inf,0.9402499794960022,0.7747499942779541,2.546999931335449
1750739906.982547,inf,inf,0.7714999914169312,2.5480000972747803
1750739907.5599372,inf,0.9402499794960022,0.7749999761581421,2.5487499237060547
1750739908.1375208,inf,inf,0.7712500095367432,2.5482499599456787
1750739908.7150176,inf,inf,0.7717499732971191,2.546250104904175
1750739909.2920032,inf,inf,0.7712500095367432,2.5507500171661377
1750739909.8693807,inf,inf,0.7722499966621399,2.5450000762939453
1750739910.446847,inf,inf,0.7752500176429749,2.546999931335449
1750739910.93635,inf,inf,0.7745000123977661,2.5455000400543213
1750739911.380687,inf,inf,0.7735000252723694,2.5464999675750732
1750739911.9577582,inf,inf,0.7699999809265137,2.546999931335449
1750739912.5353017,inf,inf,0.7735000252723694,2.5460000038146973
1750739913.0680003,inf,inf,0.7720000147819519,2.5452499389648438
1750739913.4677045,inf,inf,0.7712500095367432,2.546999931335449
1750739914.0454004,inf,inf,0.7749999761581421,2.549499988555908
1750739914.6226785,inf,inf,0.7717499732971191,2.5464999675750732
1750739915.2001317,inf,inf,0.7760000228881836,2.558500051498413
1750739915.6897602,inf,inf,0.7722499966621399,2.5452499389648438
1750739916.1777334,inf,inf,0.7730000019073486,2.5457499027252197
1750739916.711154,inf,inf,0.7742499709129333,2.5482499599456787
1750739917.2883034,inf,inf,0.7737500071525574,2.5455000400543213
1750739917.8653536,inf,inf,0.7717499732971191,2.5464999675750732
1750739918.4428213,inf,inf,0.7722499966621399,2.5464999675750732
1750739919.020074,inf,inf,0.7707499861717224,2.5457499027252197
1750739919.5978534,inf,inf,0.7749999761581421,2.5572500228881836
1750739920.1750534,inf,inf,0.7749999761581421,2.547499895095825
1750739920.752721,inf,inf,0.7722499966621399,2.549999952316284
1750739921.197298,inf,inf,0.7714999914169312,2.5497500896453857
1750739921.7742317,inf,inf,0.7742499709129333,2.546750068664551
1750739922.2187226,inf,inf,0.7739999890327454,2.546250104904175
1750739922.7065973,inf,inf,0.7724999785423279,2.5457499027252197
1750739923.1961076,inf,inf,0.7730000019073486,2.5447499752044678
1750739923.7732975,inf,inf,0.7710000276565552,2.54325008392334
1750739924.3507078,inf,inf,0.7732499837875366,2.5452499389648438
1750739924.9275076,inf,0.6932500004768372,0.7754999995231628,2.5472500324249268
1750739925.505379,inf,0.6962500214576721,0.7714999914169312,2.5434999465942383
1750739926.0827317,inf,inf,0.7727500200271606,2.5457499027252197
1750739926.660261,inf,inf,0.7717499732971191,2.5502500534057617
1750739927.1497526,inf,inf,0.7747499942779541,2.5460000038146973
1750739927.6819646,inf,inf,0.7724999785423279,2.5445001125335693
1750739928.2596154,inf,inf,0.7720000147819519,2.54325008392334
1750739928.8367822,inf,inf,0.7724999785423279,2.5434999465942383
1750739929.4144397,inf,inf,0.7724999785423279,2.547499895095825
1750739929.9913392,inf,inf,0.7747499942779541,2.5429999828338623
1750739930.5255384,inf,inf,0.7747499942779541,2.546750068664551
1750739931.10254,inf,inf,0.7727500200271606,2.5490000247955322
1750739931.680429,inf,inf,0.7724999785423279,2.5485000610351562
1750739932.2576962,inf,inf,0.7724999785423279,2.544250011444092
1750739932.8348374,inf,inf,0.7760000228881836,2.5452499389648438
1750739933.412832,inf,inf,0.7757499814033508,2.544250011444092
1750739933.9895358,inf,inf,0.7760000228881836,2.5447499752044678
1750739934.5670087,inf,inf,0.7754999995231628,2.560499906539917
1750739935.0562656,inf,inf,0.7717499732971191,2.5425000190734863
1750739935.6335168,inf,inf,0.7754999995231628,2.5439999103546143
1750739936.2108943,inf,inf,0.7730000019073486,2.5447499752044678
1750739936.7883735,inf,inf,0.7730000019073486,2.546999931335449
1750739937.3656828,inf,inf,0.7727500200271606,2.5447499752044678
1750739937.943242,inf,0.48750001192092896,0.7714999914169312,2.549999952316284
1750739938.5205564,inf,inf,0.7727500200271606,2.546750068664551
1750739939.0976608,inf,inf,0.7724999785423279,2.5464999675750732
1750739939.6753058,inf,inf,0.7754999995231628,2.558000087738037
1750739940.1641963,inf,inf,0.7745000123977661,2.5457499027252197
1750739940.7419832,inf,0.4897499978542328,0.7722499966621399,2.5480000972747803
1750739941.3190484,inf,inf,0.7722499966621399,2.546999931335449
1750739941.6747916,inf,inf,0.7727500200271606,2.546999931335449
1750739942.0740137,inf,inf,0.7754999995231628,2.546250104904175
1750739942.6513445,inf,0.4857499897480011,0.7705000042915344,2.5472500324249268
1750739943.2289574,inf,0.48649999499320984,0.7712500095367432,2.5482499599456787
1750739943.7625139,inf,inf,0.7722499966621399,2.5480000972747803
1750739944.3402033,inf,inf,0.7747499942779541,2.5477499961853027
1750739944.9165258,inf,inf,0.7757499814033508,2.559000015258789
1750739945.494512,inf,inf,0.7757499814033508,2.5480000972747803
1750739946.0278666,inf,inf,0.7757499814033508,2.54325008392334
1750739946.4721177,inf,inf,0.7722499966621399,2.5457499027252197
1750739947.005237,inf,inf,0.7747499942779541,2.5477499961853027
1750739947.4045508,inf,inf,0.7737500071525574,2.5460000038146973
1750739947.8042636,inf,0.4869999885559082,0.7727500200271606,2.546999931335449
1750739948.2492561,inf,0.48625001311302185,0.7712500095367432,2.5464999675750732
1750739948.6487744,inf,0.4869999885559082,0.7722499966621399,2.5464999675750732
1750739949.048547,inf,inf,0.7754999995231628,2.546750068664551
1750739949.5362372,inf,inf,0.7747499942779541,2.5455000400543213
1750739949.9802825,inf,0.49024999141693115,0.7717499732971191,2.5460000038146973
1750739950.5584934,inf,inf,0.7747499942779541,2.5457499027252197
1750739951.135666,inf,inf,0.7745000123977661,2.5487499237060547
1750739951.7128947,inf,inf,0.7762500047683716,2.5425000190734863
1750739952.2470348,inf,inf,0.7730000019073486,2.547499895095825
1750739952.8241136,inf,inf,0.7757499814033508,2.5429999828338623
1750739953.4014125,inf,0.4869999885559082,0.7712500095367432,2.5455000400543213
1750739953.978648,inf,inf,0.7745000123977661,2.546999931335449
1750739954.5561275,inf,inf,0.7749999761581421,2.561500072479248
1750739955.1330616,inf,0.4897499978542328,0.7730000019073486,2.543750047683716
1750739955.7110455,inf,inf,0.7739999890327454,2.551500082015991
1750739956.2884464,inf,0.4869999885559082,0.7720000147819519,2.5445001125335693
1750739956.8655906,inf,inf,0.7739999890327454,2.5490000247955322
1750739957.4430676,inf,inf,0.7745000123977661,2.5452499389648438
1750739957.9768336,inf,inf,0.7727500200271606,2.5485000610351562
1750739958.5544112,inf,inf,0.7760000228881836,2.5447499752044678
1750739959.1318862,inf,0.48649999499320984,0.7717499732971191,2.546750068664551
1750739959.7090669,inf,0.4882499873638153,0.7720000147819519,2.5457499027252197
1750739960.241815,inf,inf,0.7742499709129333,2.5452499389648438
1750739960.8191743,inf,inf,0.7732499837875366,2.5457499027252197
1750739961.396686,inf,inf,0.7739999890327454,2.5457499027252197
1750739961.885611,inf,0.49024999141693115,0.7737500071525574,2.5472500324249268
1750739962.3736794,inf,0.48875001072883606,0.7732499837875366,2.5452499389648438
1750739962.8181286,inf,inf,0.7747499942779541,2.5450000762939453
1750739963.3066182,inf,inf,0.7710000276565552,2.5445001125335693
1750739963.8402553,inf,inf,0.7722499966621399,2.547499895095825
1750739964.4174175,inf,inf,0.7717499732971191,2.5447499752044678
1750739964.9944007,inf,inf,0.7720000147819519,2.546750068664551
1750739965.5722816,inf,inf,0.7762500047683716,2.5617499351501465
1750739966.0607336,inf,inf,0.7707499861717224,2.5452499389648438
1750739966.5940874,inf,inf,0.7727500200271606,2.549999952316284
1750739967.1714725,inf,inf,0.7749999761581421,2.5617499351501465
1750739967.748663,inf,inf,0.7714999914169312,2.543750047683716
1750739968.3260124,inf,inf,0.7722499966621399,2.5480000972747803
1750739968.9030685,inf,inf,0.7732499837875366,2.5480000972747803
1750739969.392763,inf,inf,0.7754999995231628,2.5472500324249268
1750739969.969209,inf,inf,0.7737500071525574,2.547499895095825
1750739970.5474393,inf,inf,0.7749999761581421,2.5592501163482666
1750739971.1251245,inf,inf,0.7739999890327454,2.5485000610351562
1750739971.7022572,inf,inf,0.7732499837875366,2.5482499599456787
1750739972.2795143,inf,inf,0.7757499814033508,2.5460000038146973
1750739972.8568637,inf,0.4869999885559082,0.7732499837875366,2.546999931335449
1750739973.4341526,inf,0.49000000953674316,0.7754999995231628,2.5487499237060547
1750739973.9676,inf,inf,0.7745000123977661,2.5490000247955322
1750739974.5456533,inf,inf,0.7742499709129333,2.549499988555908
1750739975.1230822,inf,0.48475000262260437,0.7735000252723694,2.5457499027252197
1750739975.7001774,inf,0.49125000834465027,0.7737500071525574,2.5482499599456787
1750739976.2777593,inf,0.48625001311302185,0.7724999785423279,2.5485000610351562
1750739976.8547337,inf,0.48249998688697815,0.7712500095367432,2.5485000610351562
1750739977.432243,inf,0.48625001311302185,0.7722499966621399,2.5482499599456787
1750739978.0097876,inf,0.484250009059906,0.7717499732971191,2.543750047683716
1750739978.586887,inf,0.4857499897480011,0.7710000276565552,2.546250104904175
1750739979.1649864,inf,0.484499990940094,0.7727500200271606,2.5460000038146973
1750739979.741763,inf,0.48225000500679016,0.7712500095367432,2.546999931335449
1750739980.2759326,inf,inf,0.7745000123977661,2.5480000972747803
1750739980.8529017,inf,inf,0.7749999761581421,2.5602500438690186
1750739981.430361,inf,inf,0.7752500176429749,2.562000036239624
1750739982.0077536,inf,inf,0.7747499942779541,2.5502500534057617
1750739982.5851734,inf,0.48374998569488525,0.7717499732971191,2.5439999103546143
1750739983.1628118,inf,0.4857499897480011,0.7720000147819519,2.546250104904175
1750739983.7399185,inf,0.4882499873638153,0.7754999995231628,2.5460000038146973
1750739984.317358,inf,0.49000000953674316,0.7739999890327454,2.5485000610351562
1750739984.8943539,inf,0.48750001192092896,0.7732499837875366,2.5492498874664307
1750739985.472143,inf,0.49000000953674316,0.7732499837875366,2.5502500534057617
1750739986.0058794,inf,inf,0.7752500176429749,2.5607500076293945
1750739986.5832758,inf,0.48124998807907104,0.7717499732971191,2.5477499961853027
1750739987.160521,inf,0.4872500002384186,0.7735000252723694,2.5457499027252197
1750739987.7377942,inf,inf,0.7742499709129333,2.5490000247955322
1750739988.315272,inf,0.47749999165534973,0.7707499861717224,2.5482499599456787
1750739988.8921452,inf,0.4814999997615814,0.7724999785423279,2.5455000400543213
1750739989.4698884,inf,inf,0.7742499709129333,2.5487499237060547
1750739990.0476637,inf,inf,0.7747499942779541,2.5622498989105225
1750739990.492267,inf,inf,0.7742499709129333,2.5457499027252197
1750739991.0691545,inf,0.47600001096725464,0.7707499861717224,2.5482499599456787
1750739991.646812,inf,0.4860000014305115,0.7754999995231628,2.5455000400543213
1750739992.2244387,inf,0.4779999852180481,0.7712500095367432,2.5434999465942383
1750739992.801535,inf,0.48399999737739563,0.7742499709129333,2.5482499599456787
1750739993.3790362,inf,0.4790000021457672,0.7710000276565552,2.5457499027252197
1750739993.9560287,inf,0.4740000069141388,0.7720000147819519,2.546750068664551
1750739994.490274,inf,0.4737499952316284,0.7714999914169312,2.5482499599456787
1750739995.0667155,inf,0.4762499928474426,0.7714999914169312,2.5439999103546143
1750739995.60016,inf,inf,0.7752500176429749,2.562000036239624
1750739996.1773903,inf,0.47975000739097595,0.7717499732971191,2.5482499599456787
1750739996.7549243,inf,0.47749999165534973,0.7707499861717224,2.5477499961853027
1750739997.3323693,inf,inf,0.7710000276565552,2.5477499961853027
1750739997.9098105,inf,inf,0.7720000147819519,2.5472500324249268
1750739998.443621,inf,inf,0.7749999761581421,2.559999942779541
1750739999.0200083,inf,inf,0.7720000147819519,2.5452499389648438
1750739999.5984507,inf,inf,0.7714999914169312,2.5445001125335693
1750740000.1755044,inf,inf,0.7749999761581421,2.544250011444092
1750740000.7532191,inf,inf,0.7735000252723694,2.5472500324249268
1750740001.3307824,inf,inf,0.7749999761581421,2.5612499713897705
1750740001.8641572,inf,inf,0.7749999761581421,2.562000036239624
1750740002.2632787,inf,inf,0.7745000123977661,2.546750068664551
1750740002.6633375,inf,inf,0.7710000276565552,2.5472500324249268
1750740003.1520512,inf,inf,0.7732499837875366,2.547499895095825
1750740003.6404335,inf,0.47975000739097595,0.7724999785423279,2.5457499027252197
1750740004.084692,inf,inf,0.7749999761581421,2.5552499294281006
1750740004.4850338,inf,inf,0.7745000123977661,2.5450000762939453
1750740004.9282062,inf,inf,0.7739999890327454,2.5460000038146973
1750740005.3290794,inf,inf,0.7735000252723694,2.5482499599456787
1750740005.7286065,inf,inf,0.7747499942779541,2.543750047683716
1750740006.1285286,inf,inf,0.7737500071525574,2.5445001125335693
1750740006.528342,inf,0.4792500138282776,0.7722499966621399,2.5457499027252197
1750740006.9284716,inf,inf,0.7742499709129333,2.5447499752044678
1750740007.3282526,inf,inf,0.7710000276565552,2.546750068664551
1750740007.6836627,inf,inf,0.7735000252723694,2.546250104904175
1750740008.216136,inf,0.4792500138282776,0.7717499732971191,2.546250104904175
1750740008.5717914,inf,inf,0.7735000252723694,2.5457499027252197
1750740009.015547,inf,0.4777500033378601,0.7705000042915344,2.5512499809265137
1750740009.5044622,inf,inf,0.7724999785423279,2.5439999103546143
1750740010.0369406,inf,inf,0.7714999914169312,2.5460000038146973
1750740010.4373558,inf,inf,0.7724999785423279,2.54325008392334
1750740010.8370113,inf,inf,0.7745000123977661,2.5450000762939453
1750740011.2817183,inf,inf,0.7717499732971191,2.5439999103546143
1750740011.7700858,inf,0.47699999809265137,0.7702500224113464,2.5512499809265137
1750740012.3472376,inf,inf,0.7749999761581421,2.5612499713897705
1750740012.9245868,inf,inf,0.7749999761581421,2.561000108718872
1750740013.5019727,inf,0.47850000858306885,0.7720000147819519,2.547499895095825
1750740014.0359802,inf,inf,0.7742499709129333,2.5429999828338623
1750740014.6130462,inf,inf,0.7749999761581421,2.5457499027252197
1750740015.190932,inf,inf,0.7735000252723694,2.543750047683716
1750740015.6789305,inf,inf,0.7752500176429749,2.549999952316284
1750740016.0786302,inf,0.4814999997615814,0.7727500200271606,2.543750047683716
1750740016.5670123,inf,inf,0.7747499942779541,2.5455000400543213
1750740017.099975,inf,inf,0.7724999785423279,2.546999931335449
1750740017.6778684,inf,inf,0.7749999761581421,2.5457499027252197
1750740018.1225889,inf,inf,0.7747499942779541,2.5567500591278076
1750740018.6551268,inf,0.48100000619888306,0.7722499966621399,2.5434999465942383
1750740019.232461,inf,inf,0.7745000123977661,2.5445001125335693
1750740019.7216682,inf,0.47725000977516174,0.7705000042915344,2.5517499446868896
1750740020.2993593,inf,0.47975000739097595,0.7710000276565552,2.5480000972747803
1750740020.8766863,inf,0.47975000739097595,0.7712500095367432,2.547499895095825
1750740021.4539757,inf,inf,0.7739999890327454,2.5445001125335693
1750740022.0314395,inf,0.4792500138282776,0.7707499861717224,2.5477499961853027
1750740022.6087556,inf,inf,0.7747499942779541,2.562000036239624
1750740023.1864805,inf,0.4802500009536743,0.7710000276565552,2.547499895095825
1750740023.7201078,inf,0.47699999809265137,0.7699999809265137,2.5512499809265137
1750740024.2975407,inf,inf,0.7745000123977661,2.5492498874664307
1750740024.829613,inf,inf,0.7732499837875366,2.5434999465942383
1750740025.4077098,inf,inf,0.7742499709129333,2.5434999465942383
1750740025.9850566,inf,0.4830000102519989,0.7727500200271606,2.5487499237060547
1750740026.4746134,inf,0.4802500009536743,0.7722499966621399,2.5439999103546143
1750740027.0515494,inf,inf,0.7717499732971191,2.5450000762939453
1750740027.539834,inf,0.4830000102519989,0.7727500200271606,2.5472500324249268
1750740028.1171482,inf,inf,0.7742499709129333,2.5480000972747803
1750740028.6512005,inf,inf,0.7745000123977661,2.559499979019165
1750740029.228255,inf,0.47850000858306885,0.7707499861717224,2.5477499961853027
1750740029.8057914,inf,inf,0.7742499709129333,2.5460000038146973
1750740030.3830993,inf,inf,0.7722499966621399,2.543750047683716
1750740030.9607315,inf,0.4790000021457672,0.7722499966621399,2.546750068664551
1750740031.538352,inf,inf,0.7747499942779541,2.5625
1750740032.1153774,inf,inf,0.7737500071525574,2.54325008392334
1750740032.692896,inf,inf,0.7737500071525574,2.5457499027252197
1750740033.2701948,inf,inf,0.7745000123977661,2.5612499713897705
1750740033.847782,inf,inf,0.7742499709129333,2.546999931335449
1750740034.3815227,inf,inf,0.7742499709129333,2.5452499389648438
1750740034.9580936,inf,0.4777500033378601,0.7695000171661377,2.55049991607666
1750740035.5366824,inf,0.48249998688697815,0.7724999785423279,2.5482499599456787
1750740036.1136565,inf,0.4777500033378601,0.7717499732971191,2.55049991607666
1750740036.601869,inf,0.4855000078678131,0.7735000252723694,2.540750026702881
1750740037.046292,inf,0.4790000021457672,0.7712500095367432,2.547499895095825
1750740037.5360227,inf,inf,0.7732499837875366,2.5447499752044678
1750740038.0686514,inf,inf,0.7752500176429749,2.5490000247955322
1750740038.646034,inf,inf,0.7737500071525574,2.5409998893737793
1750740039.090218,inf,0.47824999690055847,0.7722499966621399,2.54325008392334
1750740039.4901829,inf,inf,0.7735000252723694,2.541249990463257
1750740039.9780326,inf,inf,0.7745000123977661,2.560499906539917
1750740040.4227884,inf,inf,0.7737500071525574,2.5439999103546143
1750740040.95635,inf,inf,0.7752500176429749,2.5482499599456787
1750740041.4890323,inf,0.47749999165534973,0.7707499861717224,2.5480000972747803
1750740041.9326081,inf,0.48100000619888306,0.7732499837875366,2.5464999675750732
1750740042.4664931,inf,0.47850000858306885,0.7712500095367432,2.5464999675750732
1750740043.043604,inf,inf,0.7745000123977661,2.5485000610351562
1750740043.577003,inf,inf,0.7737500071525574,2.544250011444092
1750740044.153813,inf,inf,0.7735000252723694,2.5409998893737793
1750740044.7316902,inf,0.4830000102519989,0.7717499732971191,2.5485000610351562
1750740045.3087833,inf,inf,0.7710000276565552,2.5460000038146973
1750740045.7538023,inf,0.47975000739097595,0.7724999785423279,2.5434999465942383
1750740046.197812,inf,inf,0.7712500095367432,2.5460000038146973
1750740046.7753255,inf,inf,0.7745000123977661,2.543750047683716
1750740047.3083591,inf,inf,0.7739999890327454,2.5415000915527344
1750740047.8851643,inf,inf,0.7724999785423279,2.5480000972747803
1750740048.4625366,inf,inf,0.7735000252723694,2.5472500324249268
1750740049.040148,inf,inf,0.7754999995231628,2.543750047683716
1750740049.573962,inf,inf,0.7742499709129333,2.546250104904175
1750740050.1513083,inf,inf,0.7739999890327454,2.5455000400543213
1750740050.728905,inf,0.4792500138282776,0.7717499732971191,2.547499895095825
1750740051.3065708,inf,inf,0.7737500071525574,2.546250104904175
1750740051.8832197,inf,inf,0.7737500071525574,2.5427498817443848
1750740052.4610178,inf,inf,0.7737500071525574,2.5480000972747803
1750740053.0383773,inf,inf,0.7730000019073486,2.552999973297119
1750740053.6158333,inf,inf,0.7747499942779541,2.5460000038146973
1750740054.1933808,inf,inf,0.7739999890327454,2.54325008392334
1750740054.7707233,inf,inf,0.7739999890327454,2.543750047683716
1750740055.3048348,inf,0.4779999852180481,0.7695000171661377,2.546250104904175
1750740055.8820639,inf,inf,0.7747499942779541,2.5452499389648438
1750740056.4151459,inf,inf,0.7720000147819519,2.5472500324249268
1750740056.9920306,inf,inf,0.7749999761581421,2.5485000610351562
1750740057.569988,inf,inf,0.7749999761581421,2.5597500801086426
1750740058.1471512,inf,inf,0.7735000252723694,2.541749954223633
1750740058.5917084,inf,inf,0.7742499709129333,2.559000015258789
1750740059.1242845,inf,inf,0.7747499942779541,2.544250011444092
1750740059.6135173,inf,inf,0.7732499837875366,2.5492498874664307
1750740060.101735,inf,inf,0.7735000252723694,2.5472500324249268
1750740060.6354744,inf,0.47874999046325684,0.7717499732971191,2.5485000610351562
1750740061.2126567,inf,inf,0.7735000252723694,2.544250011444092
1750740061.7904284,inf,inf,0.7742499709129333,2.541249990463257
1750740062.3673737,inf,inf,0.7722499966621399,2.5472500324249268
1750740062.944867,inf,inf,0.7730000019073486,2.55049991607666
1750740063.5223882,inf,inf,0.7732499837875366,2.5457499027252197
1750740064.0996912,inf,inf,0.7735000252723694,2.5482499599456787
1750740064.6775753,inf,inf,0.7749999761581421,2.5485000610351562
1750740065.2545502,inf,inf,0.7739999890327454,2.5445001125335693
1750740065.699474,inf,inf,0.7735000252723694,2.5477499961853027
1750740066.2322025,inf,inf,0.7745000123977661,2.5587499141693115
1750740066.6760218,inf,inf,0.7714999914169312,2.543750047683716
1750740067.2090704,inf,inf,0.7735000252723694,2.5485000610351562
1750740067.743013,inf,0.49674999713897705,0.7742499709129333,2.546999931335449
1750740068.3205268,inf,inf,0.7749999761581421,2.5445001125335693
1750740068.8533082,inf,inf,0.7747499942779541,2.558500051498413
1750740069.4305332,inf,inf,0.7722499966621399,2.5455000400543213
1750740070.0075703,inf,inf,0.7749999761581421,2.546999931335449
1750740070.4970508,inf,inf,0.7717499732971191,2.5485000610351562
1750740070.9859388,inf,inf,0.7747499942779541,2.5452499389648438
1750740071.4295259,inf,inf,0.7712500095367432,2.5447499752044678
1750740071.7858193,inf,inf,0.7752500176429749,2.5592501163482666
1750740072.2298334,inf,inf,0.7737500071525574,2.541749954223633
1750740072.76223,inf,0.9437500238418579,0.7710000276565552,2.544250011444092
1750740073.206533,inf,inf,0.7727500200271606,2.546250104904175
1750740073.7839656,inf,inf,0.7720000147819519,2.5455000400543213
1750740074.3612764,inf,inf,0.7732499837875366,2.549999952316284
1750740074.9382217,inf,inf,0.7724999785423279,2.5502500534057617
1750740075.5164711,inf,inf,0.7712500095367432,2.5457499027252197
1750740076.0937638,inf,inf,0.7724999785423279,2.5502500534057617
1750740076.627484,inf,inf,0.7720000147819519,2.5472500324249268
1750740077.204675,inf,inf,0.7710000276565552,2.544250011444092
1750740077.7820642,inf,inf,0.7749999761581421,2.5587499141693115
1750740078.3595273,inf,inf,0.7752500176429749,2.5567500591278076
1750740078.9373798,inf,inf,0.7710000276565552,2.544250011444092
1750740079.5148458,inf,inf,0.7735000252723694,2.544250011444092
1750740080.0470502,inf,inf,0.7742499709129333,2.5447499752044678
1750740080.491727,inf,inf,0.7745000123977661,2.5480000972747803
1750740081.069279,inf,inf,0.7722499966621399,2.5477499961853027
1750740081.6466775,inf,inf,0.7717499732971191,2.546250104904175
1750740082.2241354,inf,inf,0.7712500095367432,2.543750047683716
1750740082.801217,inf,inf,0.7742499709129333,2.54325008392334
1750740083.3354104,inf,inf,0.7692499756813049,2.5452499389648438
1750740083.9123936,inf,inf,0.7732499837875366,2.543750047683716
1750740084.4899027,inf,inf,0.7752500176429749,2.5577499866485596
1750740085.06738,inf,inf,0.7712500095367432,2.5439999103546143
1750740085.6448452,inf,inf,0.7745000123977661,2.544250011444092
1750740086.2224026,inf,inf,0.7712500095367432,2.5434999465942383
1750740086.7993994,inf,inf,0.7749999761581421,2.554500102996826
1750740087.3773105,inf,inf,0.7722499966621399,2.5492498874664307
1750740087.9545023,inf,inf,0.7749999761581421,2.556999921798706
1750740088.5319703,inf,inf,0.7727500200271606,2.5497500896453857
1750740089.065825,inf,inf,0.7724999785423279,2.5485000610351562
1750740089.64293,inf,inf,0.7724999785423279,2.5497500896453857
1750740090.176013,inf,inf,0.7732499837875366,2.5425000190734863
1750740090.7532067,inf,inf,0.7747499942779541,2.5457499027252197
1750740091.330564,inf,inf,0.7749999761581421,2.558500051498413
1750740091.907985,inf,inf,0.7730000019073486,2.5507500171661377
1750740092.485355,inf,inf,0.7732499837875366,2.549999952316284
1750740092.9747064,inf,inf,0.7722499966621399,2.5455000400543213
1750740093.5076754,inf,inf,0.7732499837875366,2.5425000190734863
1750740093.9963188,inf,inf,0.7707499861717224,2.5439999103546143
1750740094.5736685,inf,inf,0.7724999785423279,2.546999931335449
1750740095.1511993,inf,inf,0.7745000123977661,2.555500030517578
1750740095.7281146,inf,inf,0.7735000252723694,2.543750047683716
1750740096.3060226,inf,3.108750104904175,0.7749999761581421,2.5452499389648438
1750740096.883816,inf,inf,0.7742499709129333,2.5447499752044678
1750740097.4608269,inf,inf,0.7749999761581421,2.5425000190734863
1750740098.0382497,inf,inf,0.7722499966621399,2.5497500896453857
1750740098.6161168,inf,inf,0.7722499966621399,2.5472500324249268
1750740099.193159,inf,inf,0.7727500200271606,2.5497500896453857
1750740099.7273195,inf,3.1075000762939453,0.7742499709129333,2.544250011444092
1750740100.259344,inf,3.157749891281128,0.7747499942779541,2.5457499027252197
1750740100.8375318,inf,inf,0.7747499942779541,2.5445001125335693
1750740101.414546,inf,inf,0.7749999761581421,2.5457499027252197
1750740101.991936,inf,inf,0.7712500095367432,2.5452499389648438
1750740102.5693521,inf,inf,0.7742499709129333,2.54325008392334
1750740103.1467485,inf,inf,0.7730000019073486,2.5439999103546143
1750740103.6805432,inf,inf,0.7727500200271606,2.5487499237060547
1750740104.2581253,inf,inf,0.7720000147819519,2.546750068664551
1750740104.835802,inf,inf,0.7745000123977661,2.546250104904175
1750740105.412701,inf,inf,0.7754999995231628,2.5425000190734863
1750740105.9902892,inf,3.1554999351501465,0.7749999761581421,2.542249917984009
1750740106.5674317,inf,3.1072499752044678,0.7752500176429749,2.544250011444092
1750740107.1452115,inf,inf,0.7722499966621399,2.5464999675750732
1750740107.7226055,inf,inf,0.7742499709129333,2.546750068664551
1750740108.2998142,inf,inf,0.7745000123977661,2.54325008392334
1750740108.8773384,inf,inf,0.7722499966621399,2.5502500534057617
1750740109.4546554,inf,3.1077499389648438,0.7747499942779541,2.5447499752044678
1750740109.987861,inf,inf,0.7710000276565552,2.5452499389648438
1750740110.5657327,inf,inf,0.7710000276565552,2.5445001125335693
1750740111.1432168,inf,inf,0.7747499942779541,2.559000015258789
1750740111.631458,inf,inf,0.7737500071525574,2.549999952316284
1750740112.1648762,inf,inf,0.7749999761581421,2.5542500019073486
1750740112.7426302,inf,inf,0.7735000252723694,2.5445001125335693
1750740113.3201873,inf,inf,0.7732499837875366,2.5510001182556152
1750740113.896791,inf,inf,0.7737500071525574,2.5464999675750732
1750740114.4743874,inf,inf,0.7749999761581421,2.55649995803833
1750740115.0516415,inf,inf,0.7745000123977661,2.5455000400543213
1750740115.4520462,inf,inf,0.7747499942779541,2.5427498817443848
1750740116.0294714,inf,inf,0.7732499837875366,2.5492498874664307
1750740116.6070647,inf,inf,0.7710000276565552,2.5490000247955322
1750740117.1842895,inf,inf,0.7742499709129333,2.553999900817871
1750740117.7619636,inf,inf,0.7745000123977661,2.5460000038146973
1750740118.3389647,inf,inf,0.7724999785423279,2.547499895095825
1750740118.8733623,inf,inf,0.7739999890327454,2.5485000610351562
1750740119.449566,inf,inf,0.7749999761581421,2.5557498931884766
1750740120.026933,inf,inf,0.7722499966621399,2.5457499027252197
1750740120.6054425,inf,inf,0.7712500095367432,2.5464999675750732
1750740121.1825128,inf,inf,0.7724999785423279,2.5482499599456787
1750740121.6276248,inf,inf,0.7730000019073486,2.549499988555908
1750740122.0268943,inf,inf,0.7747499942779541,2.5587499141693115
1750740122.515102,inf,inf,0.7732499837875366,2.547499895095825
1750740123.0040224,inf,inf,0.7710000276565552,2.546250104904175
1750740123.5370347,inf,inf,0.7727500200271606,2.5464999675750732
1750740124.0697074,inf,inf,0.7724999785423279,2.547499895095825
1750740124.4698143,inf,inf,0.7747499942779541,2.5485000610351562
1750740124.9140298,inf,inf,0.7724999785423279,2.5457499027252197
1750740125.491555,inf,inf,0.7732499837875366,2.549999952316284
1750740125.936509,inf,inf,0.7742499709129333,2.555999994277954
1750740126.3803682,inf,inf,0.7735000252723694,2.549999952316284
1750740126.7798853,inf,inf,0.7724999785423279,2.546250104904175
1750740127.268469,inf,inf,0.7745000123977661,2.556999921798706
1750740127.8456228,inf,inf,0.7760000228881836,2.5445001125335693
1750740128.4230263,inf,inf,0.7727500200271606,2.546999931335449
1750740129.0004175,inf,inf,0.7752500176429749,2.547499895095825
1750740129.534455,inf,inf,0.7742499709129333,2.5452499389648438
1750740130.1107855,inf,inf,0.7747499942779541,2.5477499961853027
1750740130.6892757,inf,inf,0.7747499942779541,2.5477499961853027
1750740131.2667468,inf,inf,0.7745000123977661,2.555000066757202
1750740131.8439653,inf,inf,0.7724999785423279,2.5480000972747803
1750740132.4216099,inf,inf,0.7745000123977661,2.5557498931884766
1750740132.9985425,inf,inf,0.7732499837875366,2.5477499961853027
1750740133.5757604,inf,inf,0.7730000019073486,2.5450000762939453
1750740134.153799,inf,inf,0.7732499837875366,2.5480000972747803
1750740134.7307687,inf,inf,0.7739999890327454,2.5480000972747803
1750740135.2647824,inf,inf,0.7722499966621399,2.546999931335449
1750740135.8419292,inf,inf,0.7732499837875366,2.5477499961853027
1750740136.419454,inf,inf,0.7712500095367432,2.546750068664551
1750740136.996816,inf,inf,0.7722499966621399,2.547499895095825
1750740137.574354,inf,inf,0.7727500200271606,2.546750068664551
1750740138.0189044,inf,inf,0.7727500200271606,2.5429999828338623
1750740138.59652,inf,inf,0.7745000123977661,2.555000066757202
1750740139.129011,inf,inf,0.7735000252723694,2.5427498817443848
1750740139.706615,inf,inf,0.7717499732971191,2.5480000972747803
1750740140.1958613,inf,inf,0.7717499732971191,2.5445001125335693
1750740140.6841626,inf,inf,0.7714999914169312,2.5472500324249268
1750740141.1280167,inf,inf,0.7742499709129333,2.5439999103546143
1750740141.6607459,inf,inf,0.7739999890327454,2.555000066757202
1750740142.238265,inf,inf,0.7695000171661377,2.5427498817443848
1750740142.771829,inf,inf,0.7699999809265137,2.5420000553131104
1750740143.349371,inf,inf,0.7727500200271606,2.5490000247955322
1750740143.9271576,inf,inf,0.7732499837875366,2.5472500324249268
1750740144.5043628,inf,inf,0.7747499942779541,2.5542500019073486
1750740145.0810733,inf,inf,0.7747499942779541,2.5480000972747803
1750740145.6589255,inf,inf,0.7714999914169312,2.546750068664551
1750740146.2364333,inf,inf,0.7732499837875366,2.5445001125335693
1750740146.814155,inf,inf,0.7712500095367432,2.5445001125335693
1750740147.3912354,inf,inf,0.7745000123977661,2.5587499141693115
1750740147.9687119,inf,inf,0.7717499732971191,2.5447499752044678
1750740148.5460498,inf,inf,0.7727500200271606,2.5472500324249268
1750740149.0800803,inf,inf,0.7747499942779541,2.5457499027252197
1750740149.6571794,inf,inf,0.7699999809265137,2.5429999828338623
1750740150.234595,inf,inf,0.7747499942779541,2.5482499599456787
1750740150.81245,inf,inf,0.7747499942779541,2.5472500324249268
1750740151.3897042,inf,inf,0.7724999785423279,2.544250011444092
1750740151.9232903,inf,inf,0.7745000123977661,2.549499988555908
1750740152.499704,inf,inf,0.7720000147819519,2.5477499961853027
1750740153.0337727,inf,inf,0.7710000276565552,2.551500082015991
1750740153.610775,inf,inf,0.7724999785423279,2.5439999103546143
1750740154.188539,inf,inf,0.7747499942779541,2.5460000038146973
1750740154.7655437,inf,inf,0.7732499837875366,2.55049991607666
1750740155.3433993,inf,inf,0.7737500071525574,2.5480000972747803
1750740155.920881,inf,inf,0.7745000123977661,2.5480000972747803
1750740156.4979641,inf,inf,0.7739999890327454,2.5434999465942383
1750740157.0753093,inf,inf,0.7739999890327454,2.547499895095825
1750740157.652667,inf,inf,0.7745000123977661,2.5487499237060547
1750740158.2304568,inf,inf,0.7747499942779541,2.5547499656677246
1750740158.7638314,inf,inf,0.7742499709129333,2.5455000400543213
1750740159.3415766,inf,inf,0.7747499942779541,2.5452499389648438
1750740159.9190836,inf,inf,0.7735000252723694,2.5480000972747803
1750740160.4959671,inf,inf,0.7737500071525574,2.5445001125335693
1750740161.0735626,inf,inf,0.7747499942779541,2.553999900817871
1750740161.6508057,inf,inf,0.7742499709129333,2.5452499389648438
1750740162.2286777,inf,inf,0.7745000123977661,2.544250011444092
1750740162.805879,inf,inf,0.7747499942779541,2.5557498931884766
1750740163.3832784,inf,inf,0.7745000123977661,2.558000087738037
1750740163.9610136,inf,inf,0.7745000123977661,2.5455000400543213
1750740164.5378926,inf,inf,0.7722499966621399,2.5490000247955322
1750740165.0711749,inf,inf,0.7742499709129333,2.554500102996826
1750740165.6046145,inf,inf,0.7745000123977661,2.5562500953674316
1750740166.0052893,inf,inf,0.7727500200271606,2.5477499961853027
1750740166.449776,inf,inf,0.7720000147819519,2.5490000247955322
1750740166.9815533,inf,inf,0.7742499709129333,2.5577499866485596
1750740167.3373895,inf,inf,0.7727500200271606,2.549499988555908
1750740167.7369237,inf,inf,0.7747499942779541,2.5452499389648438
1750740168.1372678,inf,inf,0.7727500200271606,2.5482499599456787
1750740168.58128,inf,inf,0.7717499732971191,2.5447499752044678
1750740169.1583476,inf,inf,0.7745000123977661,2.5447499752044678
1750740169.7358468,inf,inf,0.7720000147819519,2.551500082015991
1750740170.268482,inf,inf,0.7737500071525574,2.5472500324249268
1750740170.713083,inf,inf,0.7732499837875366,2.546999931335449
1750740171.2019036,inf,inf,0.7739999890327454,2.5447499752044678
1750740171.69051,inf,inf,0.7699999809265137,2.5427498817443848
1750740172.1794658,inf,inf,0.7712500095367432,2.5450000762939453
1750740172.7566183,inf,inf,0.7722499966621399,2.546750068664551
1750740173.244868,inf,inf,0.7739999890327454,2.5482499599456787
1750740173.822323,inf,inf,0.7720000147819519,2.5487499237060547
1750740174.356262,inf,inf,0.7742499709129333,2.5592501163482666
1750740174.9330633,inf,inf,0.7737500071525574,2.55049991607666
1750740175.510646,inf,inf,0.7724999785423279,2.5485000610351562
1750740176.087954,inf,inf,0.7717499732971191,2.549999952316284
1750740176.665712,inf,inf,0.7727500200271606,2.5447499752044678
1750740177.2431786,inf,inf,0.7724999785423279,2.5450000762939453
1750740177.82038,inf,inf,0.7739999890327454,2.5510001182556152
1750740178.3977504,inf,inf,0.7724999785423279,2.5447499752044678
1750740178.975049,inf,inf,0.7739999890327454,2.5492498874664307
1750740179.5526695,inf,inf,0.7739999890327454,2.549499988555908
1750740180.0854435,inf,inf,0.7720000147819519,2.5429999828338623
1750740180.5748875,inf,inf,0.7739999890327454,2.5482499599456787
1750740181.0637167,inf,inf,0.7727500200271606,2.5429999828338623
1750740181.5963643,inf,inf,0.7747499942779541,2.546999931335449
1750740181.9969614,inf,inf,0.7724999785423279,2.547499895095825
1750740182.5290003,inf,inf,0.7747499942779541,2.5582499504089355
1750740182.929395,inf,inf,0.7735000252723694,2.5507500171661377
1750740183.3732502,inf,inf,0.7732499837875366,2.549499988555908
1750740183.7738433,inf,inf,0.7732499837875366,2.5492498874664307
1750740184.350737,inf,inf,0.7735000252723694,2.5502500534057617
1750740184.8832145,inf,inf,0.7747499942779541,2.546250104904175
1750740185.4167778,inf,inf,0.7714999914169312,2.54325008392334
1750740185.9943495,inf,inf,0.7742499709129333,2.5497500896453857
1750740186.5717604,inf,inf,0.7742499709129333,2.5497500896453857
1750740187.149165,inf,inf,0.7752500176429749,2.5542500019073486
1750740187.7267895,inf,inf,0.7714999914169312,2.5492498874664307
1750740188.3039324,inf,inf,0.7717499732971191,2.5445001125335693
1750740188.8815172,inf,inf,0.7742499709129333,2.5447499752044678
1750740189.4589448,inf,inf,0.7749999761581421,2.5567500591278076
1750740190.0358548,inf,inf,0.7749999761581421,2.546999931335449
1750740190.6138976,inf,inf,0.7732499837875366,2.546999931335449
1750740191.1909068,inf,inf,0.7742499709129333,2.5577499866485596
1750740191.7250142,inf,inf,0.7745000123977661,2.5455000400543213
1750740192.3013425,inf,inf,0.7720000147819519,2.5450000762939453
1750740192.8797588,inf,inf,0.7714999914169312,2.5427498817443848
1750740193.4573314,inf,inf,0.7727500200271606,2.547499895095825
1750740194.0343356,inf,inf,0.7749999761581421,2.546999931335449
1750740194.6121218,inf,inf,0.7717499732971191,2.546750068664551
1750740195.1887758,inf,inf,0.7730000019073486,2.5439999103546143
1750740195.6788483,inf,inf,0.7747499942779541,2.559999942779541
1750740196.0780058,inf,inf,0.7720000147819519,2.5434999465942383
1750740196.5664086,inf,inf,0.7714999914169312,2.5492498874664307
1750740197.010776,inf,inf,0.7742499709129333,2.5477499961853027
1750740197.4105546,inf,inf,0.7737500071525574,2.549999952316284
1750740197.8551092,inf,inf,0.7739999890327454,2.5477499961853027
1750740198.3435705,inf,inf,0.7717499732971191,2.546250104904175
1750740198.7880442,inf,inf,0.7737500071525574,2.5482499599456787
1750740199.2326467,inf,inf,0.7745000123977661,2.5597500801086426
1750740199.6325984,inf,inf,0.7730000019073486,2.5492498874664307
1750740200.1194859,inf,inf,0.7717499732971191,2.5487499237060547
1750740200.564829,inf,inf,0.7747499942779541,2.559499979019165
1750740201.1419969,inf,inf,0.7747499942779541,2.5597500801086426
1750740201.7196045,inf,inf,0.7717499732971191,2.546250104904175
1750740202.296583,inf,inf,0.7735000252723694,2.546999931335449
1750740202.8742278,inf,inf,0.7722499966621399,2.5460000038146973
1750740203.451916,inf,inf,0.7749999761581421,2.5557498931884766
1750740204.029005,inf,inf,0.7742499709129333,2.5464999675750732
1750740204.5626662,inf,inf,0.7745000123977661,2.5455000400543213
1750740205.1394768,inf,inf,0.7712500095367432,2.5480000972747803
1750740205.717961,inf,inf,0.7747499942779541,2.5445001125335693
1750740206.2946935,inf,inf,0.7712500095367432,2.5487499237060547
1750740206.8724146,inf,inf,0.7749999761581421,2.5582499504089355
1750740207.4492507,inf,inf,0.7737500071525574,2.5490000247955322
1750740208.0272741,inf,inf,0.7714999914169312,2.549499988555908
1750740208.4272249,inf,inf,0.7739999890327454,2.5490000247955322
1750740208.9594626,inf,inf,0.7747499942779541,2.5445001125335693
1750740209.5818148,inf,inf,0.7747499942779541,2.5460000038146973
1750740210.1588814,inf,inf,0.7720000147819519,2.5460000038146973
1750740210.603679,inf,inf,0.7732499837875366,2.546750068664551
1750740210.9592633,inf,inf,0.7747499942779541,2.5455000400543213
1750740211.3585637,inf,inf,0.7742499709129333,2.5445001125335693
1750740211.7588387,inf,inf,0.7745000123977661,2.5577499866485596
1750740212.2032564,inf,inf,0.7714999914169312,2.5464999675750732
1750740212.7360666,inf,inf,0.7714999914169312,2.5497500896453857
1750740213.2249365,inf,inf,0.7732499837875366,2.546250104904175
1750740213.5804777,inf,inf,0.7724999785423279,2.5497500896453857
1750740214.113079,inf,inf,0.7712500095367432,2.543750047683716
1750740214.6900632,inf,inf,0.7712500095367432,2.5480000972747803
1750740215.0009856,inf,inf,0.7747499942779541,2.5447499752044678
1750740215.5790944,inf,inf,0.7732499837875366,2.5497500896453857
1750740216.1566734,inf,inf,0.7732499837875366,2.5477499961853027
1750740216.7337806,inf,inf,0.7749999761581421,2.546999931335449
1750740217.3114839,inf,inf,0.7697499990463257,2.5434999465942383
1750740217.8886487,inf,inf,0.7737500071525574,2.551500082015991
1750740218.4662013,inf,inf,0.7752500176429749,2.5572500228881836
1750740219.0436997,inf,inf,0.7722499966621399,2.5457499027252197
1750740219.6208344,inf,inf,0.7737500071525574,2.5512499809265137
1750740220.1539378,inf,inf,0.7742499709129333,2.544250011444092
1750740220.7319481,inf,inf,0.7739999890327454,2.5577499866485596
1750740221.3096616,inf,inf,0.7747499942779541,2.5464999675750732
1750740221.8870919,inf,inf,0.7737500071525574,2.546750068664551
1750740222.3316026,inf,inf,0.7727500200271606,2.5464999675750732
1750740222.7312362,inf,inf,0.7727500200271606,2.5460000038146973
1750740223.2638726,inf,inf,0.7717499732971191,2.546250104904175
1750740223.7088385,inf,inf,0.7727500200271606,2.5485000610351562
1750740224.064038,inf,inf,0.7732499837875366,2.546750068664551
1750740224.6404266,inf,inf,0.7732499837875366,2.547499895095825
1750740225.0847058,inf,inf,0.7730000019073486,2.5445001125335693
1750740225.6630902,inf,inf,0.7737500071525574,2.5480000972747803
1750740226.240228,inf,inf,0.7749999761581421,2.5562500953674316
1750740226.8174796,inf,inf,0.7732499837875366,2.5502500534057617
1750740227.3503535,inf,0.6115000247955322,0.7699999809265137,2.5425000190734863
1750740227.928121,inf,inf,0.7732499837875366,2.547499895095825
1750740228.5048993,inf,inf,0.7742499709129333,2.5447499752044678
1750740229.0389366,inf,inf,0.7747499942779541,2.5582499504089355
1750740229.5270514,inf,inf,0.7742499709129333,2.5492498874664307
1750740230.0161407,inf,0.6134999990463257,0.7722499966621399,2.5445001125335693
1750740230.4160268,inf,0.6132500171661377,0.7717499732971191,2.5457499027252197
1750740230.8167398,inf,0.6154999732971191,0.7714999914169312,2.5482499599456787
1750740231.3042912,inf,0.6127499938011169,0.7717499732971191,2.5460000038146973
1750740231.7483068,inf,inf,0.7747499942779541,2.5490000247955322
1750740232.32593,inf,0.6144999861717224,0.7697499990463257,2.5452499389648438
1750740232.9030545,inf,inf,0.7727500200271606,2.5480000972747803
1750740233.480606,inf,inf,0.7742499709129333,2.544250011444092
1750740234.0579424,inf,inf,0.7730000019073486,2.547499895095825
1750740234.6356158,inf,inf,0.7742499709129333,2.556999921798706
1750740235.1241164,inf,inf,0.7737500071525574,2.5512499809265137
1750740235.657554,inf,inf,0.7747499942779541,2.559499979019165
1750740236.2347145,inf,0.6132500171661377,0.7714999914169312,2.5477499961853027
1750740236.8120918,inf,0.6134999990463257,0.7722499966621399,2.5482499599456787
1750740237.3893697,inf,inf,0.7730000019073486,2.5450000762939453
1750740237.9232717,inf,0.6137499809265137,0.7714999914169312,2.5460000038146973
1750740238.500532,inf,0.621999979019165,0.7730000019073486,2.5477499961853027
1750740239.0779567,inf,0.6305000185966492,0.7695000171661377,2.5427498817443848
1750740239.6557958,inf,inf,0.7730000019073486,2.5480000972747803
1750740240.187876,inf,inf,0.7739999890327454,2.5445001125335693
1750740240.7656744,inf,inf,0.7739999890327454,2.544250011444092
1750740241.343117,inf,inf,0.7742499709129333,2.5487499237060547
1750740241.876987,inf,inf,0.7732499837875366,2.5450000762939453
1750740242.4093986,inf,inf,0.7742499709129333,2.5577499866485596
1750740242.9872396,inf,inf,0.7739999890327454,2.543750047683716
1750740243.5643756,inf,inf,0.7732499837875366,2.5522499084472656
1750740244.1420088,inf,inf,0.7739999890327454,2.5492498874664307
1750740244.7190504,inf,0.6309999823570251,0.7720000147819519,2.5457499027252197
1750740245.2078815,inf,0.6367499828338623,0.7722499966621399,2.5480000972747803
1750740245.7857292,inf,inf,0.7730000019073486,2.5490000247955322
1750740246.1859884,inf,inf,0.7735000252723694,2.546250104904175
1750740246.6737707,inf,inf,0.7732499837875366,2.547499895095825
1750740247.1179945,inf,inf,0.7739999890327454,2.5427498817443848
1750740247.6956806,inf,0.6389999985694885,0.7720000147819519,2.5480000972747803
1750740248.2727213,inf,inf,0.7747499942779541,2.5577499866485596
1750740248.8504744,inf,inf,0.7737500071525574,2.5477499961853027
1750740249.3838758,inf,inf,0.7747499942779541,2.5577499866485596
1750740249.9171112,inf,0.6312500238418579,0.7695000171661377,2.544250011444092
1750740250.494089,inf,0.6307500004768372,0.7712500095367432,2.54325008392334
1750740251.0715168,inf,inf,0.7737500071525574,2.5447499752044678
1750740251.6489651,inf,inf,0.7735000252723694,2.5450000762939453
1750740252.2263217,inf,inf,0.7732499837875366,2.5447499752044678
1750740252.7153437,inf,inf,0.7745000123977661,2.5577499866485596
1750740253.2923706,inf,inf,0.7727500200271606,2.5492498874664307
1750740253.8697326,inf,0.6332499980926514,0.7714999914169312,2.5487499237060547
1750740254.403878,inf,inf,0.7732499837875366,2.5455000400543213
1750740254.8922634,inf,inf,0.7732499837875366,2.5497500896453857
1750740255.4250166,inf,inf,0.7737500071525574,2.547499895095825
1750740256.002568,inf,inf,0.7747499942779541,2.5507500171661377
1750740256.5798948,inf,0.6302499771118164,0.7739999890327454,2.5512499809265137
1750740257.0687344,inf,0.6307500004768372,0.7717499732971191,2.5480000972747803
1750740257.6014936,inf,0.6305000185966492,0.7732499837875366,2.5510001182556152
1750740258.1791406,inf,inf,0.7742499709129333,2.5587499141693115
1750740258.756723,inf,inf,0.7749999761581421,2.559999942779541
1750740259.3338473,inf,0.6302499771118164,0.7722499966621399,2.5460000038146973
1750740259.9112415,inf,0.6299999952316284,0.7730000019073486,2.5447499752044678
1750740260.4007366,inf,inf,0.7739999890327454,2.5472500324249268
1750740260.9774199,inf,0.6294999718666077,0.7720000147819519,2.5464999675750732
1750740261.5103917,inf,0.6307500004768372,0.7727500200271606,2.5455000400543213
1750740261.955181,inf,inf,0.7742499709129333,2.5464999675750732
1750740262.4876323,inf,0.6307500004768372,0.7724999785423279,2.5457499027252197
1750740263.0652883,inf,0.640250027179718,0.7745000123977661,2.5427498817443848
1750740263.5547702,inf,0.6302499771118164,0.7712500095367432,2.546250104904175
1750740264.1316268,inf,0.6299999952316284,0.7735000252723694,2.5447499752044678
1750740264.7089436,inf,0.6349999904632568,0.7747499942779541,2.5492498874664307
1750740265.2865908,inf,0.6307500004768372,0.7732499837875366,2.5502500534057617
1750740265.8641224,inf,0.6305000185966492,0.7727500200271606,2.5460000038146973
1750740266.308676,inf,0.6305000185966492,0.7724999785423279,2.546250104904175
1750740266.8410826,inf,inf,0.7749999761581421,2.559999942779541
1750740267.41844,inf,0.6305000185966492,0.7737500071525574,2.55049991607666
1750740267.9959137,inf,inf,0.7742499709129333,2.5455000400543213
1750740268.3961592,inf,0.6299999952316284,0.7714999914169312,2.5425000190734863
1750740268.8403885,inf,0.6305000185966492,0.7737500071525574,2.5502500534057617
1750740269.2852328,inf,0.6302499771118164,0.7717499732971191,2.546750068664551
1750740269.862119,inf,0.6299999952316284,0.7727500200271606,2.5472500324249268
1750740270.3070526,inf,0.6305000185966492,0.7737500071525574,2.549999952316284
1750740270.8840706,inf,0.6299999952316284,0.7720000147819519,2.546250104904175
1750740271.417078,inf,0.6297500133514404,0.7732499837875366,2.5480000972747803
1750740271.9939291,inf,0.6294999718666077,0.7720000147819519,2.5457499027252197
1750740272.3941483,inf,inf,0.7749999761581421,2.5597500801086426
1750740272.971425,inf,0.6305000185966492,0.7695000171661377,2.5502500534057617
1750740273.5487895,inf,0.6297500133514404,0.7742499709129333,2.5460000038146973
1750740274.1259723,inf,0.6294999718666077,0.7727500200271606,2.5450000762939453
1750740274.7033417,inf,0.6317499876022339,0.7742499709129333,2.5512499809265137
1750740275.236859,inf,inf,0.7749999761581421,2.559000015258789
1750740275.7700436,inf,0.6292499899864197,0.7732499837875366,2.5480000972747803
1750740276.3037124,inf,0.6297500133514404,0.7732499837875366,2.5464999675750732
1750740276.7475953,inf,inf,0.7747499942779541,2.5457499027252197
1750740277.3247862,inf,0.6299999952316284,0.7724999785423279,2.5450000762939453
1750740277.9022598,inf,inf,0.7749999761581421,2.559000015258789
1750740278.479345,inf,0.6292499899864197,0.7735000252723694,2.5477499961853027
1750740279.0568306,inf,0.6297500133514404,0.7732499837875366,2.546999931335449
1750740279.5904539,inf,inf,0.7739999890327454,2.554500102996826
1750740280.1673558,inf,inf,0.7739999890327454,2.546750068664551
1750740280.6563232,inf,inf,0.7747499942779541,2.5450000762939453
1750740281.1007257,inf,0.6305000185966492,0.7737500071525574,2.549499988555908
1750740281.6780024,inf,0.6292499899864197,0.7717499732971191,2.5439999103546143
1750740282.2552247,inf,0.6294999718666077,0.7714999914169312,2.5480000972747803
1750740282.8330925,inf,0.6302499771118164,0.7730000019073486,2.549499988555908
1750740283.2772806,inf,0.6297500133514404,0.7735000252723694,2.5480000972747803
1750740283.8103378,inf,0.6297500133514404,0.7720000147819519,2.5460000038146973
1750740284.2098799,inf,inf,0.7739999890327454,2.5457499027252197
1750740284.6095653,inf,0.6299999952316284,0.7735000252723694,2.552000045776367
1750740285.053726,inf,0.6297500133514404,0.7722499966621399,2.546250104904175
1750740285.586738,inf,0.6299999952316284,0.7737500071525574,2.5455000400543213
1750740286.1641533,inf,inf,0.7752500176429749,2.5602500438690186
1750740286.697882,inf,inf,0.7754999995231628,2.559999942779541
1750740287.2755558,inf,0.6299999952316284,0.7722499966621399,2.5460000038146973
1750740287.8530402,inf,inf,0.7739999890327454,2.5452499389648438
1750740288.4300706,inf,inf,0.7739999890327454,2.5477499961853027
1750740289.0068223,inf,inf,0.7737500071525574,2.5445001125335693
1750740289.584899,inf,0.6294999718666077,0.7739999890327454,2.5457499027252197
1750740290.1625464,inf,inf,0.7747499942779541,2.554500102996826
1750740290.739982,inf,0.6315000057220459,0.7749999761581421,2.5507500171661377
1750740291.3172214,inf,0.6307500004768372,0.7737500071525574,2.5510001182556152
1750740291.8949118,inf,inf,0.7747499942779541,2.543750047683716
1750740292.4718933,inf,0.6307500004768372,0.7697499990463257,2.5490000247955322
1750740293.0058062,inf,0.6299999952316284,0.7697499990463257,2.5492498874664307
1750740293.5830996,inf,0.6309999823570251,0.7735000252723694,2.546250104904175
1750740294.1606817,inf,0.6299999952316284,0.7735000252723694,2.5429999828338623
1750740294.7380292,inf,0.6302499771118164,0.7724999785423279,2.54325008392334
1750740295.3154914,inf,0.6299999952316284,0.7732499837875366,2.5450000762939453
1750740295.893016,inf,0.6307500004768372,0.7735000252723694,2.546250104904175
1750740296.46999,inf,inf,0.7747499942779541,2.5592501163482666
1750740297.0475283,inf,0.6297500133514404,0.7732499837875366,2.5480000972747803
1750740297.6252859,inf,0.6299999952316284,0.7712500095367432,2.5457499027252197
1750740298.2022855,inf,0.6297500133514404,0.7735000252723694,2.546750068664551
1750740298.6914287,inf,0.6297500133514404,0.7737500071525574,2.5472500324249268
1750740299.2688673,inf,inf,0.7754999995231628,2.559999942779541
1750740299.8464594,inf,0.6327499747276306,0.7749999761581421,2.5477499961853027
1750740300.4237597,inf,inf,0.7745000123977661,2.5592501163482666
1750740300.9126916,inf,0.6299999952316284,0.7720000147819519,2.546250104904175
1750740301.4903443,inf,0.6302499771118164,0.7735000252723694,2.5480000972747803
1750740302.067298,inf,0.6299999952316284,0.7730000019073486,2.5485000610351562
1750740302.6450803,inf,0.6302499771118164,0.7695000171661377,2.544250011444092
1750740303.2227116,inf,inf,0.7752500176429749,2.5602500438690186
1750740303.7992463,inf,0.6299999952316284,0.7727500200271606,2.5482499599456787
1750740304.3326104,inf,inf,0.7739999890327454,2.555999994277954
1750740304.9097295,inf,0.6299999952316284,0.7697499990463257,2.549499988555908
1750740305.3542125,inf,0.6299999952316284,0.7714999914169312,2.546250104904175
1750740305.798803,inf,0.6297500133514404,0.7737500071525574,2.5472500324249268
1750740306.1988597,inf,inf,0.7742499709129333,2.5429999828338623
1750740306.732236,inf,inf,0.7742499709129333,2.544250011444092
1750740307.2209244,inf,inf,0.7745000123977661,2.5577499866485596
1750740307.7532437,inf,inf,0.7739999890327454,2.5557498931884766
1750740308.331104,inf,0.6320000290870667,0.7727500200271606,2.5439999103546143
1750740308.9075468,inf,0.6302499771118164,0.7727500200271606,2.544250011444092
1750740309.3973978,inf,0.6299999952316284,0.7732499837875366,2.5497500896453857
1750740309.7973082,inf,0.6309999823570251,0.7737500071525574,2.5460000038146973
1750740310.2846553,inf,inf,0.7739999890327454,2.5477499961853027
1750740310.729569,inf,0.6315000057220459,0.7739999890327454,2.5490000247955322
1750740311.3065767,inf,0.6297500133514404,0.7730000019073486,2.5445001125335693
1750740311.884218,inf,0.2252500057220459,0.7742499709129333,2.55049991607666
1750740312.4173515,inf,0.6317499876022339,0.7742499709129333,2.5477499961853027
1750740312.9512105,inf,inf,0.7737500071525574,2.546999931335449
1750740313.4837546,inf,inf,0.7745000123977661,2.5490000247955322
1750740313.9284334,inf,inf,0.7730000019073486,2.5450000762939453
1750740314.4604309,inf,inf,0.7737500071525574,2.5510001182556152
1750740314.9935515,inf,inf,0.7735000252723694,2.547499895095825
1750740315.5708697,inf,inf,0.7752500176429749,2.559000015258789
1750740316.104911,inf,inf,0.7735000252723694,2.549999952316284
1750740316.593099,inf,inf,0.7730000019073486,2.546250104904175
1750740316.9934182,inf,inf,0.7732499837875366,2.5487499237060547
1750740317.5700994,inf,inf,0.7737500071525574,2.546750068664551
1750740317.8823795,inf,inf,0.7727500200271606,2.5464999675750732
1750740318.4589734,inf,inf,0.7735000252723694,2.5447499752044678
1750740319.0361452,inf,inf,0.7710000276565552,2.5477499961853027
