time,range_0,range_90,range_180,range_270,range_360
1750671510.90588,inf,0.21850000321865082,1.003499984741211,inf
1750671511.3511386,inf,0.21899999678134918,1.0042500495910645,inf
1750671511.9276733,inf,0.21825000643730164,1.003749966621399,inf
1750671512.4608862,inf,0.21825000643730164,1.003000020980835,inf
1750671512.9501953,inf,0.21825000643730164,1.00600004196167,inf
1750671513.4829025,inf,inf,1.0049999952316284,inf
1750671514.06028,inf,0.21875,1.0042500495910645,inf
1750671514.5930479,inf,0.21774999797344208,1.0057499408721924,inf
1750671515.1265306,inf,inf,1.0067499876022339,inf
1750671515.7043097,inf,inf,1.00600004196167,inf
1750671516.2361984,inf,0.21899999678134918,1.003749966621399,inf
1750671516.8143282,inf,0.21774999797344208,1.006250023841858,inf
1750671517.2586477,inf,0.21774999797344208,1.006500005722046,inf
1750671517.8359303,inf,0.21825000643730164,1.003000020980835,inf
1750671518.4133418,inf,0.21924999356269836,1.0054999589920044,inf
1750671518.990849,inf,0.21850000321865082,1.003250002861023,inf
1750671519.5680242,inf,inf,1.003499984741211,inf
1750671520.0568562,inf,inf,1.0057499408721924,inf
1750671520.634826,inf,0.21825000643730164,1.003250002861023,inf
1750671521.1677387,inf,0.21899999678134918,1.0042500495910645,inf
1750671521.7448337,inf,inf,1.0052499771118164,inf
1750671522.322173,inf,0.21875,1.003499984741211,inf
1750671522.8994632,inf,0.2175000011920929,1.006500005722046,inf
1750671523.4773877,inf,inf,1.006250023841858,inf
1750671523.9213629,inf,0.21950000524520874,1.003749966621399,inf
1750671524.498975,inf,0.21799999475479126,1.0049999952316284,inf
1750671525.0763507,inf,inf,1.0067499876022339,inf
1750671525.5207074,inf,0.21799999475479126,1.003000020980835,inf
1750671526.0980835,inf,0.21825000643730164,1.003999948501587,inf
1750671526.6752422,inf,0.21825000643730164,1.0047500133514404,inf
1750671527.252783,inf,0.21825000643730164,1.0052499771118164,inf
1750671527.8302104,inf,0.21899999678134918,1.0045000314712524,inf
1750671528.4076045,inf,0.21825000643730164,1.0054999589920044,inf
1750671528.9416015,inf,inf,1.002750039100647,inf
1750671529.5186474,inf,0.21825000643730164,1.003250002861023,inf
1750671530.0514877,inf,inf,1.0052499771118164,inf
1750671530.6285675,inf,0.21899999678134918,1.003250002861023,inf
1750671531.1178365,inf,0.21774999797344208,1.006500005722046,inf
1750671531.6954799,inf,inf,1.0052499771118164,inf
1750671532.272912,inf,inf,1.003749966621399,inf
1750671532.8500445,inf,0.21825000643730164,1.003749966621399,inf
1750671533.4275184,inf,0.21825000643730164,1.0042500495910645,inf
1750671534.0043845,inf,0.21850000321865082,1.0047500133514404,inf
1750671534.5824416,inf,0.21899999678134918,1.0049999952316284,inf
1750671535.1150029,inf,inf,1.003000020980835,inf
1750671535.6488228,inf,0.21799999475479126,1.0045000314712524,inf
1750671536.1815825,inf,inf,1.002750039100647,inf
1750671536.7141511,inf,0.21825000643730164,1.0042500495910645,inf
1750671537.2916641,inf,inf,1.0054999589920044,inf
1750671537.7813158,inf,inf,1.003999948501587,inf
1750671538.3576245,inf,inf,1.0042500495910645,inf
1750671538.9354925,inf,inf,1.0052499771118164,inf
1750671539.3799663,inf,inf,1.002750039100647,inf
1750671539.957283,inf,inf,1.003000020980835,inf
1750671540.4897845,inf,0.21899999678134918,1.002500057220459,inf
1750671540.9794617,inf,0.21825000643730164,1.0047500133514404,inf
1750671541.5118976,inf,inf,1.0045000314712524,inf
1750671542.089415,inf,inf,1.006500005722046,inf
1750671542.666752,inf,0.21799999475479126,1.003000020980835,inf
1750671543.2441902,inf,0.7912499904632568,1.003749966621399,inf
1750671543.6895177,inf,0.7912499904632568,1.003749966621399,inf
1750671544.1332586,inf,0.7900000214576721,1.0047500133514404,inf
1750671544.6658473,inf,0.7902500033378601,1.0052499771118164,inf
1750671545.19923,inf,0.7900000214576721,1.003000020980835,inf
1750671545.7759063,inf,0.7902500033378601,1.0054999589920044,inf
1750671546.3096166,inf,0.7910000085830688,1.003749966621399,inf
1750671546.88638,inf,0.7917500138282776,1.0052499771118164,inf
1750671547.4197617,inf,0.7944999933242798,1.003000020980835,inf
1750671547.9971254,inf,0.7894999980926514,1.003749966621399,inf
1750671548.5745487,inf,0.7917500138282776,1.0057499408721924,inf
1750671549.1522977,inf,0.7917500138282776,1.0054999589920044,inf
1750671549.729563,inf,0.7914999723434448,1.0052499771118164,inf
1750671550.263173,inf,0.7912499904632568,1.002500057220459,inf
1750671550.7960823,inf,0.7917500138282776,1.0054999589920044,inf
1750671551.1959736,inf,0.7902500033378601,1.003749966621399,inf
1750671551.6402338,inf,0.7914999723434448,1.0022499561309814,inf
1750671552.1282215,inf,0.7919999957084656,1.003499984741211,inf
1750671552.706028,inf,0.7912499904632568,1.0022499561309814,inf
1750671553.283173,inf,0.7912499904632568,1.003499984741211,inf
1750671553.8168652,inf,0.7900000214576721,1.0054999589920044,inf
1750671554.3495088,inf,0.7904999852180481,1.003499984741211,inf
1750671554.9270828,inf,0.7904999852180481,1.003499984741211,inf
1750671555.3718183,inf,0.7914999723434448,1.00600004196167,inf
1750671555.9489956,inf,0.7904999852180481,1.003250002861023,inf
1750671556.526504,inf,0.7910000085830688,1.003499984741211,inf
1750671557.103456,inf,0.7904999852180481,1.003749966621399,inf
1750671557.6809244,inf,0.7917500138282776,1.003250002861023,inf
1750671558.2583888,inf,0.7902500033378601,1.0052499771118164,inf
1750671558.8359,inf,0.7902500033378601,1.003499984741211,inf
1750671559.4134967,inf,0.7904999852180481,1.003250002861023,inf
1750671559.9902835,inf,0.7914999723434448,1.0054999589920044,inf
1750671560.524456,inf,0.7900000214576721,1.0042500495910645,inf
1750671561.1015244,inf,0.7907500267028809,1.0042500495910645,inf
1750671561.6791642,inf,0.7894999980926514,1.003499984741211,inf
1750671562.2567203,inf,0.7900000214576721,1.0045000314712524,inf
1750671562.8340118,inf,0.7900000214576721,1.003999948501587,inf
1750671563.411242,inf,0.7907500267028809,1.003000020980835,inf
1750671563.9885333,inf,0.7902500033378601,1.0042500495910645,inf
1750671564.565949,inf,0.7907500267028809,1.003999948501587,inf
1750671565.1437047,inf,0.7904999852180481,1.003250002861023,inf
1750671565.7209554,inf,0.7902500033378601,1.003250002861023,inf
1750671566.2548547,inf,0.7910000085830688,1.003749966621399,inf
1750671566.83185,inf,0.7904999852180481,1.003250002861023,inf
1750671567.4094026,inf,0.7912499904632568,1.0022499561309814,inf
1750671567.941947,inf,0.7912499904632568,1.002750039100647,inf
1750671568.5197182,inf,0.7894999980926514,1.0054999589920044,inf
1750671569.0967252,inf,0.7907500267028809,1.0052499771118164,inf
1750671569.6741426,inf,0.7894999980926514,1.002750039100647,inf
1750671570.2080052,inf,0.7902500033378601,1.0054999589920044,inf
1750671570.7854598,inf,0.7932500243186951,1.002750039100647,inf
1750671571.3625183,inf,0.7907500267028809,1.003000020980835,inf
1750671571.9393854,inf,0.7912499904632568,1.0054999589920044,inf
1750671572.4729354,inf,0.7919999957084656,1.0042500495910645,inf
1750671572.962052,inf,0.7894999980926514,1.002750039100647,inf
1750671573.450238,inf,0.7910000085830688,1.0042500495910645,inf
1750671574.0274413,inf,0.7910000085830688,1.003000020980835,inf
1750671574.6048574,inf,0.7904999852180481,1.002750039100647,inf
1750671575.1390688,inf,0.7900000214576721,1.0042500495910645,inf
1750671575.7158546,inf,0.7904999852180481,1.0042500495910645,inf
1750671576.293315,inf,0.7912499904632568,1.0047500133514404,inf
1750671576.8706663,inf,0.7887499928474426,1.003000020980835,inf
1750671577.2705986,inf,0.7907500267028809,1.0049999952316284,inf
1750671577.7586625,inf,0.7897499799728394,1.002500057220459,inf
1750671578.2032158,inf,0.7904999852180481,1.0042500495910645,inf
1750671578.692549,inf,0.7907500267028809,1.003250002861023,inf
1750671579.2695458,inf,0.7904999852180481,1.003499984741211,inf
1750671579.8475316,inf,0.7914999723434448,1.003000020980835,inf
1750671580.4243004,inf,0.7907500267028809,1.003499984741211,inf
1750671581.0014064,inf,0.7902500033378601,1.0042500495910645,inf
1750671581.5791392,inf,0.7904999852180481,1.003999948501587,inf
1750671582.1564634,inf,0.7904999852180481,1.003749966621399,inf
1750671582.7343547,inf,0.7894999980926514,1.002750039100647,inf
1750671583.3112476,inf,0.7904999852180481,1.0047500133514404,inf
1750671583.888935,inf,0.7917500138282776,1.003250002861023,inf
1750671584.377883,inf,0.7900000214576721,1.0045000314712524,inf
1750671584.9109366,inf,0.7910000085830688,1.003749966621399,inf
1750671585.4880977,inf,0.7900000214576721,1.003499984741211,inf
1750671586.0656846,inf,0.7907500267028809,1.003499984741211,inf
1750671586.6426985,inf,0.7910000085830688,1.0045000314712524,inf
1750671587.1321604,inf,0.7904999852180481,1.002500057220459,inf
1750671587.709208,inf,0.7940000295639038,1.002500057220459,inf
1750671588.2870183,inf,0.7935000061988831,1.0022499561309814,inf
1750671588.8640742,inf,0.7902500033378601,1.003499984741211,inf
1750671589.4415374,inf,0.7897499799728394,1.002750039100647,inf
1750671590.019122,inf,0.7902500033378601,1.003749966621399,inf
1750671590.5963867,inf,0.7897499799728394,1.0019999742507935,inf
1750671591.04144,inf,0.7904999852180481,1.002750039100647,inf
1750671591.4851437,inf,0.7900000214576721,1.003999948501587,inf
1750671591.8412442,inf,0.7907500267028809,1.003749966621399,inf
1750671592.4172695,inf,0.7892500162124634,1.0042500495910645,inf
1750671592.995229,inf,0.7877500057220459,1.003749966621399,inf
1750671593.4843516,inf,0.7904999852180481,1.0042500495910645,inf
1750671594.061934,inf,0.7912499904632568,1.003000020980835,inf
1750671594.5942338,inf,0.7922499775886536,1.003000020980835,inf
1750671595.083272,inf,0.7894999980926514,1.003250002861023,inf
1750671595.661054,inf,0.793749988079071,1.002500057220459,inf
1750671596.2385254,inf,0.7910000085830688,1.003000020980835,inf
1750671596.815595,inf,0.7914999723434448,1.0019999742507935,inf
1750671597.3928778,inf,0.7912499904632568,1.003749966621399,inf
1750671597.9703257,inf,0.7894999980926514,1.002500057220459,inf
1750671598.5478733,inf,0.7904999852180481,1.003250002861023,inf
1750671599.1255033,inf,0.7922499775886536,1.003000020980835,inf
1750671599.6148927,inf,0.7904999852180481,1.003250002861023,inf
1750671600.1915646,inf,0.7900000214576721,1.003749966621399,inf
1750671600.7689724,inf,0.7910000085830688,1.002500057220459,inf
1750671601.346649,inf,0.7902500033378601,1.0047500133514404,inf
1750671601.791113,inf,0.7912499904632568,1.003000020980835,inf
1750671602.3685086,inf,0.7897499799728394,1.003749966621399,inf
1750671602.9457462,inf,0.7910000085830688,1.003749966621399,inf
1750671603.5229974,inf,0.7914999723434448,1.0045000314712524,inf
1750671603.96731,inf,0.7879999876022339,1.002750039100647,inf
1750671604.4109008,inf,0.7907500267028809,1.003499984741211,inf
1750671604.7232237,inf,0.7922499775886536,1.002500057220459,inf
1750671605.2109127,inf,0.7914999723434448,1.003250002861023,inf
1750671605.6102564,inf,0.7922499775886536,1.002500057220459,inf
1750671606.0549963,inf,0.7910000085830688,1.003499984741211,inf
1750671606.454737,inf,0.7935000061988831,1.002750039100647,inf
1750671606.987207,inf,0.7894999980926514,1.003749966621399,inf
1750671607.5212414,inf,0.7882500290870667,1.002500057220459,inf
1750671608.0985045,inf,0.793749988079071,1.002750039100647,inf
1750671608.67606,inf,0.7902500033378601,1.002750039100647,inf
1750671609.2533634,inf,0.7910000085830688,1.0042500495910645,inf
1750671609.8307552,inf,0.7897499799728394,1.003499984741211,inf
1750671610.40795,inf,0.7902500033378601,1.0049999952316284,inf
1750671610.9418657,inf,0.7904999852180481,1.0042500495910645,inf
1750671611.4301486,inf,0.7917500138282776,1.0022499561309814,inf
1750671612.0069318,inf,0.7902500033378601,1.0045000314712524,inf
1750671612.5402715,inf,0.7897499799728394,1.003250002861023,inf
1750671613.029187,inf,0.7894999980926514,1.002500057220459,inf
1750671613.6064672,inf,0.7882500290870667,1.003000020980835,inf
1750671614.1394315,inf,0.7910000085830688,1.003749966621399,inf
1750671614.7171679,inf,0.7910000085830688,1.003499984741211,inf
1750671615.2940784,inf,0.7917500138282776,1.003749966621399,inf
1750671615.871272,inf,0.7902500033378601,1.0052499771118164,inf
1750671616.405105,inf,0.7907500267028809,1.0045000314712524,inf
1750671616.9819195,inf,0.7932500243186951,1.002750039100647,inf
1750671617.560093,inf,0.7910000085830688,1.002750039100647,inf
1750671618.1373591,inf,0.7907500267028809,1.003499984741211,inf
1750671618.7149522,inf,0.7912499904632568,1.003250002861023,inf
1750671619.247572,inf,0.7919999957084656,1.003250002861023,inf
1750671619.8249922,inf,0.7907500267028809,1.0042500495910645,inf
1750671620.2696488,inf,0.7919999957084656,1.002500057220459,inf
1750671620.8020954,inf,0.7919999957084656,1.003000020980835,inf
1750671621.2910867,inf,0.7904999852180481,1.003749966621399,inf
1750671621.8689485,inf,0.7914999723434448,1.003250002861023,inf
1750671622.4021208,inf,0.7919999957084656,1.003000020980835,inf
1750671622.890801,inf,0.7907500267028809,1.003000020980835,inf
1750671623.4680097,inf,0.7882500290870667,1.003250002861023,inf
1750671624.0452828,inf,0.7900000214576721,1.002500057220459,inf
1750671624.5778522,inf,0.7900000214576721,1.002500057220459,inf
1750671624.9783719,inf,0.7894999980926514,1.002750039100647,inf
1750671625.555489,inf,0.7902500033378601,1.0049999952316284,inf
1750671626.1327286,inf,0.7900000214576721,1.003499984741211,inf
1750671626.532645,inf,0.7912499904632568,1.003749966621399,inf
1750671627.0211535,inf,0.7907500267028809,1.003499984741211,inf
1750671627.5542362,inf,0.7914999723434448,1.0022499561309814,inf
1750671628.1316717,inf,0.7900000214576721,1.003749966621399,inf
1750671628.620531,inf,0.7910000085830688,1.002750039100647,inf
1750671629.198119,inf,0.7932500243186951,1.003000020980835,inf
1750671629.7752712,inf,0.7907500267028809,1.003000020980835,inf
1750671630.352919,inf,0.7907500267028809,1.0045000314712524,inf
1750671630.9303324,inf,0.7912499904632568,1.003000020980835,inf
1750671631.5076506,inf,0.7907500267028809,1.002750039100647,inf
1750671631.9959927,inf,0.7897499799728394,1.003499984741211,inf
1750671632.5297906,inf,0.7894999980926514,1.002500057220459,inf
1750671633.1073184,inf,0.7907500267028809,1.0045000314712524,inf
1750671633.6843104,inf,0.793749988079071,1.003250002861023,inf
1750671634.1733594,inf,0.7912499904632568,1.003999948501587,inf
1750671634.7507148,inf,0.7900000214576721,1.002750039100647,inf
1750671635.3285224,inf,0.7925000190734863,1.002500057220459,inf
1750671635.9057503,inf,0.7904999852180481,1.003499984741211,inf
1750671636.4834518,inf,0.7882500290870667,1.003000020980835,inf
1750671637.0598555,inf,0.7897499799728394,1.003000020980835,inf
1750671637.6377947,inf,0.7902500033378601,1.0045000314712524,inf
1750671638.170407,inf,0.7897499799728394,1.003499984741211,inf
1750671638.7042692,inf,0.7904999852180481,1.0045000314712524,inf
1750671639.2808633,inf,0.7897499799728394,1.002750039100647,inf
1750671639.7697868,inf,0.7894999980926514,1.002750039100647,inf
1750671640.2145164,inf,0.7904999852180481,1.0045000314712524,inf
1750671640.7473214,inf,0.7900000214576721,1.003250002861023,inf
1750671641.2366974,inf,0.7912499904632568,1.002750039100647,inf
1750671641.8137124,inf,0.7912499904632568,1.003250002861023,inf
1750671642.2135015,inf,0.7907500267028809,1.003999948501587,inf
1750671642.7904778,inf,0.7919999957084656,1.003499984741211,inf
1750671643.368483,inf,0.7912499904632568,1.002750039100647,inf
1750671643.9453132,inf,0.7922499775886536,1.002750039100647,inf
1750671644.5231173,inf,0.7910000085830688,1.0057499408721924,inf
1750671645.1003969,inf,0.7904999852180481,1.003749966621399,inf
1750671645.5005615,inf,0.7900000214576721,1.003000020980835,inf
1750671645.9444041,inf,0.7910000085830688,1.0042500495910645,inf
1750671646.5222225,inf,0.7910000085830688,1.0042500495910645,inf
1750671647.099074,inf,0.7902500033378601,1.003749966621399,inf
1750671647.6767719,inf,0.7910000085830688,1.003999948501587,inf
1750671648.2543614,inf,0.7912499904632568,1.003499984741211,inf
1750671648.831415,inf,0.7907500267028809,1.003999948501587,inf
1750671649.365054,inf,0.7894999980926514,1.003000020980835,inf
1750671649.897934,inf,0.7912499904632568,1.003000020980835,inf
1750671650.4308062,inf,0.7929999828338623,1.003250002861023,inf
1750671651.0081801,inf,0.7907500267028809,1.0049999952316284,inf
1750671651.5421379,inf,0.7910000085830688,1.002500057220459,inf
1750671652.0740638,inf,0.7907500267028809,1.003749966621399,inf
1750671652.651916,inf,0.7887499928474426,1.002750039100647,inf
1750671653.229468,inf,0.7912499904632568,1.002500057220459,inf
1750671653.8070312,inf,0.7900000214576721,1.003250002861023,inf
1750671654.206599,inf,0.7892500162124634,1.003250002861023,inf
1750671654.783792,inf,0.7935000061988831,1.003499984741211,inf
1750671655.36156,inf,0.7932500243186951,1.003499984741211,inf
1750671655.9385731,inf,0.7910000085830688,1.003749966621399,inf
1750671656.4725308,inf,0.7885000109672546,1.002750039100647,inf
1750671657.0489557,inf,0.7894999980926514,1.003250002861023,inf
1750671657.6273065,inf,0.7917500138282776,1.002750039100647,inf
1750671658.204888,inf,0.7912499904632568,1.003999948501587,inf
1750671658.7374573,inf,0.7912499904632568,1.002750039100647,inf
1750671659.2264032,inf,0.7900000214576721,1.003250002861023,inf
1750671659.8043451,inf,0.7912499904632568,1.003499984741211,inf
1750671660.3810813,inf,0.7902500033378601,1.003749966621399,inf
1750671660.9589214,inf,0.7897499799728394,1.003499984741211,inf
1750671661.5362928,inf,0.7912499904632568,1.0042500495910645,inf
1750671662.1133106,inf,0.7907500267028809,1.002750039100647,inf
1750671662.6016898,inf,0.7907500267028809,1.0022499561309814,inf
1750671663.1801221,inf,0.7912499904632568,1.003000020980835,inf
1750671663.7575805,inf,0.7927500009536743,1.002500057220459,inf
1750671664.3346727,inf,0.7912499904632568,1.003749966621399,inf
1750671664.9124334,inf,0.7912499904632568,1.0047500133514404,inf
1750671665.4892879,inf,0.7912499904632568,1.002750039100647,inf
1750671666.0668926,inf,0.7912499904632568,1.0047500133514404,inf
1750671666.6444838,inf,0.7912499904632568,1.003250002861023,inf
1750671667.221687,inf,0.7912499904632568,1.003749966621399,inf
1750671667.7994156,inf,0.7910000085830688,1.0047500133514404,inf
1750671668.2880726,inf,0.7907500267028809,1.003000020980835,inf
1750671668.86569,inf,0.7907500267028809,1.0047500133514404,inf
1750671669.442514,inf,0.7922499775886536,1.002500057220459,inf
1750671669.9753184,inf,0.7907500267028809,1.0022499561309814,inf
1750671670.4200747,inf,0.7904999852180481,1.003749966621399,inf
1750671670.9975383,inf,0.7910000085830688,1.003749966621399,inf
1750671671.5749784,inf,0.7907500267028809,1.0052499771118164,inf
1750671672.152158,inf,0.7912499904632568,1.003999948501587,inf
1750671672.7297342,inf,0.7912499904632568,1.0042500495910645,inf
1750671673.2632923,inf,0.7912499904632568,1.0049999952316284,inf
1750671673.8408349,inf,0.7894999980926514,1.003000020980835,inf
1750671674.4184015,inf,0.7907500267028809,1.003749966621399,inf
1750671674.9956052,inf,0.7910000085830688,1.002750039100647,inf
1750671675.5730553,inf,0.7900000214576721,1.002750039100647,inf
1750671676.1503382,inf,0.7910000085830688,1.002750039100647,inf
1750671676.7279499,inf,0.7897499799728394,1.002750039100647,inf
1750671677.2603536,inf,0.7917500138282776,1.0019999742507935,inf
1750671677.794336,inf,0.7917500138282776,1.002500057220459,inf
1750671678.3715775,inf,0.7912499904632568,1.0047500133514404,inf
1750671678.9046397,inf,0.7925000190734863,1.003250002861023,inf
1750671679.4369538,inf,0.7892500162124634,1.003000020980835,inf
1750671679.9708436,inf,0.7897499799728394,1.003749966621399,inf
1750671680.4591038,inf,0.7907500267028809,1.003999948501587,inf
1750671680.8589022,inf,0.7912499904632568,1.003999948501587,inf
1750671681.2586014,inf,0.7912499904632568,1.003999948501587,inf
1750671681.7032092,inf,0.7904999852180481,1.003499984741211,inf
1750671682.280451,inf,0.7882500290870667,1.003000020980835,inf
1750671682.8580842,inf,0.7917500138282776,1.0022499561309814,inf
1750671683.435274,inf,0.7897499799728394,1.002500057220459,inf
1750671683.924239,inf,0.7894999980926514,1.003499984741211,inf
1750671684.4128058,inf,0.7910000085830688,1.003250002861023,inf
1750671684.8122318,inf,0.7897499799728394,1.003250002861023,inf
1750671685.3011887,inf,0.7904999852180481,1.003499984741211,inf
1750671685.8787289,inf,0.7885000109672546,1.003000020980835,inf
1750671686.4561074,inf,0.7907500267028809,1.003250002861023,inf
1750671687.0329397,inf,0.7917500138282776,1.002500057220459,inf
1750671687.6111898,inf,0.7904999852180481,1.0045000314712524,inf
1750671688.1881537,inf,0.7910000085830688,1.0019999742507935,inf
1750671688.765602,inf,0.7892500162124634,1.002750039100647,inf
1750671689.3430905,inf,0.7894999980926514,1.003250002861023,inf
1750671689.9204562,inf,0.7910000085830688,1.003250002861023,inf
1750671690.49783,inf,0.7910000085830688,1.0042500495910645,inf
1750671691.031552,inf,0.7910000085830688,1.0045000314712524,inf
1750671691.6092887,inf,0.7912499904632568,1.003999948501587,inf
1750671692.185909,inf,0.7897499799728394,1.003499984741211,inf
1750671692.7639644,inf,0.7904999852180481,1.0019999742507935,inf
1750671693.3415577,inf,0.7929999828338623,1.003499984741211,inf
1750671693.873569,inf,0.7922499775886536,1.003499984741211,inf
1750671694.3628333,inf,0.7889999747276306,1.003250002861023,inf
1750671694.9405334,inf,0.7904999852180481,1.003499984741211,inf
1750671695.5178661,inf,0.7910000085830688,1.002750039100647,inf
1750671696.0950599,inf,0.7929999828338623,1.0022499561309814,inf
1750671696.6728072,inf,0.7927500009536743,1.003749966621399,inf
1750671697.2498996,inf,0.7910000085830688,1.0045000314712524,inf
1750671697.8270478,inf,0.7897499799728394,1.003999948501587,inf
1750671698.3163717,inf,0.7914999723434448,1.0047500133514404,inf
1750671698.8941658,inf,0.7917500138282776,1.0052499771118164,inf
1750671699.4711494,inf,0.7910000085830688,1.0047500133514404,inf
1750671700.0486972,inf,0.7910000085830688,1.002750039100647,inf
1750671700.6263077,inf,0.7910000085830688,1.0047500133514404,inf
1750671701.2033544,inf,0.7885000109672546,1.002500057220459,inf
1750671701.6923997,inf,0.7912499904632568,1.0042500495910645,inf
1750671702.2699516,inf,0.7900000214576721,1.003499984741211,inf
1750671702.8473914,inf,0.7912499904632568,1.003999948501587,inf
1750671703.380023,inf,0.7910000085830688,1.0047500133514404,inf
1750671703.9578178,inf,0.7922499775886536,1.003000020980835,inf
1750671704.5347736,inf,0.7925000190734863,1.0022499561309814,inf
1750671705.1125867,inf,0.7910000085830688,1.003749966621399,inf
1750671705.6895528,inf,0.7917500138282776,1.0052499771118164,inf
1750671706.1790304,inf,0.7885000109672546,1.002750039100647,inf
1750671706.756092,inf,0.7910000085830688,1.0047500133514404,inf
1750671707.3337505,inf,0.7900000214576721,1.003250002861023,inf
1750671707.9107647,inf,0.7907500267028809,1.0047500133514404,inf
1750671708.4886038,inf,0.7910000085830688,1.003250002861023,inf
1750671709.0656223,inf,0.7900000214576721,1.002500057220459,inf
1750671709.6431189,inf,0.7914999723434448,1.0049999952316284,inf
1750671710.1771092,inf,0.7907500267028809,1.0049999952316284,inf
1750671710.7538803,inf,0.7897499799728394,1.003499984741211,inf
1750671711.3314912,inf,0.7927500009536743,1.002500057220459,inf
1750671711.9087596,inf,0.7900000214576721,1.003250002861023,inf
1750671712.4419272,inf,0.7922499775886536,1.0019999742507935,inf
1750671713.018981,inf,0.7902500033378601,1.0047500133514404,inf
1750671713.596419,inf,0.7894999980926514,1.003499984741211,inf
1750671714.1302023,inf,0.7894999980926514,1.003749966621399,inf
1750671714.707621,inf,0.7910000085830688,1.003000020980835,inf
1750671715.2852867,inf,0.7904999852180481,1.003749966621399,inf
1750671715.8624153,inf,0.7929999828338623,1.003749966621399,inf
1750671716.4398296,inf,0.7922499775886536,1.003000020980835,inf
1750671717.0165641,inf,0.7922499775886536,1.003250002861023,inf
1750671717.5497847,inf,0.7907500267028809,1.0042500495910645,inf
1750671718.1270986,inf,0.7897499799728394,1.003749966621399,inf
1750671718.5716288,inf,0.7907500267028809,1.003749966621399,inf
1750671719.1494293,inf,0.7927500009536743,1.0022499561309814,inf
1750671719.5492465,inf,0.7927500009536743,1.002750039100647,inf
1750671720.1263092,inf,0.7904999852180481,1.003749966621399,inf
1750671720.7036884,inf,0.7907500267028809,1.0047500133514404,inf
1750671721.2374508,inf,0.7914999723434448,1.003999948501587,inf
1750671721.7706845,inf,0.7922499775886536,1.003250002861023,inf
1750671722.303003,inf,0.7912499904632568,1.002500057220459,inf
1750671722.7475839,inf,0.7894999980926514,1.002750039100647,inf
1750671723.3247335,inf,0.7910000085830688,1.003250002861023,inf
1750671723.902173,inf,0.7919999957084656,1.003499984741211,inf
1750671724.479843,inf,0.7900000214576721,1.003499984741211,inf
1750671725.05712,inf,0.7922499775886536,1.0022499561309814,inf
1750671725.634288,inf,0.7912499904632568,1.002750039100647,inf
1750671726.1232932,inf,0.7887499928474426,1.002750039100647,inf
1750671726.7009954,inf,0.7910000085830688,1.0047500133514404,inf
1750671727.278628,inf,0.7892500162124634,1.003000020980835,inf
1750671727.723265,inf,0.7900000214576721,1.003000020980835,inf
1750671728.2110662,inf,0.7932500243186951,1.003499984741211,inf
1750671728.78816,inf,0.7902500033378601,1.003999948501587,inf
1750671729.3219419,inf,0.7907500267028809,1.003250002861023,inf
1750671729.8993392,inf,0.7929999828338623,1.003999948501587,inf
1750671730.4320116,inf,0.7907500267028809,1.003250002861023,inf
1750671730.9648933,inf,0.7885000109672546,1.003250002861023,inf
1750671731.498618,inf,0.7900000214576721,1.003499984741211,inf
1750671732.0756896,inf,0.7885000109672546,1.002500057220459,inf
1750671732.6538205,inf,0.7912499904632568,1.0052499771118164,inf
1750671733.2306552,inf,0.7894999980926514,1.003749966621399,inf
1750671733.8080666,inf,0.7927500009536743,1.002750039100647,inf
1750671734.3855855,inf,0.7904999852180481,1.0045000314712524,inf
1750671734.9186065,inf,0.7904999852180481,1.0052499771118164,inf
1750671735.4069498,inf,0.7889999747276306,1.002750039100647,inf
1750671735.8955321,inf,0.7925000190734863,1.003999948501587,inf
1750671736.3399103,inf,0.7894999980926514,1.003499984741211,inf
1750671736.8291721,inf,0.7917500138282776,1.0049999952316284,inf
1750671737.4064333,inf,0.7907500267028809,1.0049999952316284,inf
1750671737.9842722,inf,0.7904999852180481,1.0049999952316284,inf
1750671738.5613034,inf,0.7914999723434448,1.0042500495910645,inf
1750671739.1388018,inf,0.7922499775886536,1.0047500133514404,inf
1750671739.7162874,inf,0.7902500033378601,1.0049999952316284,inf
1750671740.2934515,inf,0.7904999852180481,1.0047500133514404,inf
1750671740.8707523,inf,0.7935000061988831,1.003250002861023,inf
1750671741.4480307,inf,0.7910000085830688,1.0042500495910645,inf
1750671742.0251377,inf,0.7897499799728394,1.003749966621399,inf
1750671742.4702208,inf,0.7897499799728394,1.003749966621399,inf
1750671743.047583,inf,0.7922499775886536,1.0022499561309814,inf
1750671743.6246736,inf,0.7917500138282776,1.0049999952316284,inf
1750671744.2022877,inf,0.7894999980926514,1.003999948501587,inf
1750671744.7795463,inf,0.7900000214576721,1.003250002861023,inf
1750671745.3136003,inf,0.7919999957084656,1.003000020980835,inf
1750671745.8906453,inf,0.7927500009536743,1.003749966621399,inf
1750671746.4682431,inf,0.7917500138282776,1.0022499561309814,inf
1750671747.0448205,inf,0.7910000085830688,1.0052499771118164,inf
1750671747.6229894,inf,0.7885000109672546,1.002500057220459,inf
1750671748.200794,inf,0.7889999747276306,1.002500057220459,inf
1750671748.7774925,inf,0.7912499904632568,1.0045000314712524,inf
1750671749.3549259,inf,0.7900000214576721,1.002500057220459,inf
1750671749.7996087,inf,0.7910000085830688,1.0052499771118164,inf
1750671750.3321161,inf,0.7917500138282776,1.0052499771118164,inf
1750671750.909611,inf,0.7887499928474426,1.002750039100647,inf
1750671751.3541143,inf,0.7897499799728394,1.003499984741211,inf
1750671751.9316137,inf,0.7897499799728394,1.003999948501587,inf
1750671752.5089896,inf,0.7912499904632568,1.0045000314712524,inf
1750671753.0863736,inf,0.7919999957084656,1.003250002861023,inf
1750671753.6636033,inf,0.7919999957084656,1.002750039100647,inf
1750671754.1530092,inf,0.7894999980926514,1.003499984741211,inf
1750671754.7301536,inf,0.7894999980926514,1.003250002861023,inf
1750671755.307774,inf,0.7912499904632568,1.003749966621399,inf
1750671755.8849833,inf,0.7902500033378601,1.003250002861023,inf
1750671756.3743808,inf,0.7919999957084656,1.003499984741211,inf
1750671756.9513776,inf,0.7907500267028809,1.0042500495910645,inf
1750671757.529113,inf,0.7897499799728394,1.0042500495910645,inf
1750671758.1060944,inf,0.7897499799728394,1.003749966621399,inf
1750671758.6839473,inf,0.7907500267028809,1.0049999952316284,inf
1750671759.2611659,inf,0.793749988079071,1.003749966621399,inf
1750671759.8385956,inf,0.7897499799728394,1.003499984741211,inf
1750671760.41606,inf,0.7907500267028809,1.0049999952316284,inf
1750671760.993032,inf,0.7897499799728394,1.002750039100647,inf
1750671761.4822643,inf,0.7902500033378601,1.0049999952316284,inf
1750671762.0589945,inf,0.7907500267028809,1.003499984741211,inf
1750671762.5926313,inf,0.7904999852180481,1.003749966621399,inf
1750671763.1699846,inf,0.7894999980926514,1.003000020980835,inf
1750671763.6141086,inf,0.7917500138282776,1.003250002861023,inf
1750671764.1918051,inf,0.7907500267028809,1.0049999952316284,inf
1750671764.7689114,inf,0.7904999852180481,1.0047500133514404,inf
1750671765.3462734,inf,0.7897499799728394,1.002750039100647,inf
1750671765.9241247,inf,0.7900000214576721,1.0045000314712524,inf
1750671766.3684518,inf,0.7887499928474426,1.002500057220459,inf
1750671766.9450905,inf,0.7922499775886536,1.002750039100647,inf
1750671767.4349442,inf,0.7912499904632568,1.003499984741211,inf
1750671768.0123925,inf,0.7925000190734863,1.0042500495910645,inf
1750671768.501118,inf,0.7917500138282776,1.0052499771118164,inf
1750671769.078167,inf,0.7904999852180481,1.0047500133514404,inf
1750671769.6549337,inf,0.7887499928474426,1.002750039100647,inf
1750671770.1887298,inf,0.7910000085830688,1.003250002861023,inf
1750671770.7215457,inf,0.7917500138282776,1.0022499561309814,inf
1750671771.2993574,inf,0.7904999852180481,1.003250002861023,inf
1750671771.8763032,inf,0.7907500267028809,1.0052499771118164,inf
1750671772.4539323,inf,0.7914999723434448,1.003250002861023,inf
1750671773.0309975,inf,0.7897499799728394,1.003499984741211,inf
1750671773.4308558,inf,0.7900000214576721,1.003000020980835,inf
1750671774.0085454,inf,0.7889999747276306,1.002750039100647,inf
1750671774.497545,inf,0.7892500162124634,1.003999948501587,inf
1750671774.9854941,inf,0.7910000085830688,1.003999948501587,inf
1750671775.4749844,inf,0.7894999980926514,1.003749966621399,inf
1750671776.0517182,inf,0.7889999747276306,1.003499984741211,inf
1750671776.6287408,inf,0.7917500138282776,1.0049999952316284,inf
1750671777.2066157,inf,0.7910000085830688,1.0045000314712524,inf
1750671777.6512053,inf,0.7912499904632568,1.0042500495910645,inf
1750671778.0512314,inf,0.7897499799728394,1.003999948501587,inf
1750671778.5838506,inf,0.7910000085830688,1.003749966621399,inf
1750671779.1609256,inf,0.7894999980926514,1.003499984741211,inf
1750671779.7385843,inf,0.7907500267028809,1.0045000314712524,inf
1750671780.3156536,inf,0.7917500138282776,1.0049999952316284,inf
1750671780.85008,inf,0.7897499799728394,1.003999948501587,inf
1750671781.4270942,inf,0.7922499775886536,1.003749966621399,inf
1750671781.9601214,inf,0.7922499775886536,1.003749966621399,inf
1750671782.5371344,inf,0.7912499904632568,1.003499984741211,inf
1750671783.1149778,inf,0.7897499799728394,1.003250002861023,inf
1750671783.6037652,inf,0.7912499904632568,1.003499984741211,inf
1750671784.1813643,inf,0.7894999980926514,1.003499984741211,inf
1750671784.7584388,inf,0.7897499799728394,1.003999948501587,inf
1750671785.33601,inf,0.7912499904632568,1.003749966621399,inf
1750671785.781409,inf,0.7904999852180481,1.0054999589920044,inf
1750671786.3581228,inf,0.7904999852180481,1.003499984741211,inf
1750671786.8904498,inf,0.7919999957084656,1.0052499771118164,inf
1750671787.3350618,inf,0.7902500033378601,1.003749966621399,inf
1750671787.912424,inf,0.7919999957084656,1.003250002861023,inf
1750671788.4898055,inf,0.7892500162124634,1.003749966621399,inf
1750671789.0671043,inf,0.7907500267028809,1.003250002861023,inf
1750671789.644007,inf,0.7907500267028809,1.002500057220459,inf
1750671790.2219195,inf,0.7919999957084656,1.0052499771118164,inf
1750671790.7995799,inf,0.7900000214576721,1.003999948501587,inf
1750671791.2887783,inf,0.7897499799728394,1.002750039100647,inf
1750671791.821188,inf,0.7919999957084656,1.003000020980835,inf
1750671792.3985653,inf,0.7929999828338623,1.003749966621399,inf
1750671792.9757817,inf,0.7914999723434448,1.003250002861023,inf
1750671793.553232,inf,0.7900000214576721,1.002750039100647,inf
1750671794.0425224,inf,0.7922499775886536,1.003250002861023,inf
1750671794.6200724,inf,0.7900000214576721,1.0045000314712524,inf
1750671795.0197198,inf,0.7900000214576721,1.0042500495910645,inf
1750671795.5970914,inf,0.7902500033378601,1.0049999952316284,inf
1750671796.1744626,inf,0.7917500138282776,1.0052499771118164,inf
1750671796.751517,inf,0.7902500033378601,1.0052499771118164,inf
1750671797.2409701,inf,0.7914999723434448,1.003499984741211,inf
1750671797.8182192,inf,0.7925000190734863,1.002750039100647,inf
1750671798.3511977,inf,0.7927500009536743,1.003749966621399,inf
1750671798.7953696,inf,0.7927500009536743,1.003000020980835,inf
1750671799.3728273,inf,0.7900000214576721,1.003749966621399,inf
1750671799.9060745,inf,0.7919999957084656,1.003250002861023,inf
1750671800.3946426,inf,0.7910000085830688,1.003499984741211,inf
1750671800.882921,inf,0.7900000214576721,1.003499984741211,inf
1750671801.3274062,inf,0.7925000190734863,1.003000020980835,inf
1750671801.904912,inf,0.7919999957084656,1.003749966621399,inf
1750671802.4373991,inf,0.7917500138282776,1.0052499771118164,inf
1750671802.8825557,inf,0.7919999957084656,1.0042500495910645,inf
1750671803.4145267,inf,0.7917500138282776,1.0049999952316284,inf
1750671803.903975,inf,0.7922499775886536,1.003749966621399,inf
1750671804.4811807,inf,0.7887499928474426,1.003000020980835,inf
1750671805.0583677,inf,0.7914999723434448,1.0052499771118164,inf
1750671805.591137,inf,0.7887499928474426,1.003000020980835,inf
1750671806.1253304,inf,0.7900000214576721,1.003749966621399,inf
1750671806.702358,inf,0.7900000214576721,1.002750039100647,inf
1750671807.2799792,inf,0.7910000085830688,1.003999948501587,inf
1750671807.8571403,inf,0.7902500033378601,1.003749966621399,inf
1750671808.434501,inf,0.7919999957084656,1.0045000314712524,inf
1750671809.011847,inf,0.7922499775886536,1.003000020980835,inf
1750671809.5889847,inf,0.7887499928474426,1.002750039100647,inf
1750671810.1667979,inf,0.7907500267028809,1.0052499771118164,inf
1750671810.7440035,inf,0.7907500267028809,1.0047500133514404,inf
1750671811.233834,inf,0.7912499904632568,1.003749966621399,inf
1750671811.7223272,inf,0.7912499904632568,1.003749966621399,inf
1750671812.1659524,inf,0.7912499904632568,1.003999948501587,inf
1750671812.7430205,inf,0.7922499775886536,1.003499984741211,inf
1750671813.2324665,inf,0.7902500033378601,1.0045000314712524,inf
1750671813.7651055,inf,0.7919999957084656,1.002500057220459,inf
1750671814.2095344,inf,0.7904999852180481,1.0047500133514404,inf
1750671814.6094732,inf,0.7907500267028809,1.003749966621399,inf
1750671815.186591,inf,0.7912499904632568,1.0047500133514404,inf
1750671815.7639484,inf,0.7910000085830688,1.003499984741211,inf
1750671816.3413506,inf,0.7889999747276306,1.002750039100647,inf
1750671816.9189236,inf,0.7912499904632568,1.003499984741211,inf
1750671817.3633902,inf,0.7907500267028809,1.003000020980835,inf
1750671817.940625,inf,0.7902500033378601,1.0045000314712524,inf
1750671818.5179996,inf,0.7912499904632568,1.003000020980835,inf
1750671819.0954607,inf,0.7919999957084656,1.002750039100647,inf
1750671819.6281607,inf,0.7887499928474426,1.003000020980835,inf
1750671820.2059371,inf,0.7900000214576721,1.003000020980835,inf
1750671820.7391744,inf,0.7897499799728394,1.003499984741211,inf
1750671821.3166382,inf,0.7912499904632568,1.0045000314712524,inf
1750671821.8941567,inf,0.7907500267028809,1.003749966621399,inf
1750671822.4715629,inf,0.7897499799728394,1.003999948501587,inf
1750671823.0490482,inf,0.7885000109672546,1.002750039100647,inf
1750671823.4937723,inf,0.7912499904632568,1.003999948501587,inf
1750671824.026313,inf,0.7904999852180481,1.0052499771118164,inf
1750671824.6037939,inf,0.7922499775886536,1.003749966621399,inf
1750671825.1806824,inf,0.7894999980926514,1.0042500495910645,inf
1750671825.758184,inf,0.7900000214576721,1.003000020980835,inf
1750671826.202875,inf,0.7889999747276306,1.003000020980835,inf
1750671826.7802367,inf,0.7919999957084656,1.003999948501587,inf
1750671827.3576393,inf,0.7912499904632568,1.0049999952316284,inf
1750671827.9352598,inf,0.7892500162124634,1.0047500133514404,inf
1750671828.5121803,inf,0.7904999852180481,1.003499984741211,inf
1750671828.9566052,inf,0.7910000085830688,1.003499984741211,inf
1750671829.489682,inf,0.7902500033378601,1.0045000314712524,inf
1750671830.0667746,inf,0.7907500267028809,1.003999948501587,inf
1750671830.6006286,inf,0.7902500033378601,1.003499984741211,inf
1750671831.1779022,inf,0.7919999957084656,1.003999948501587,inf
1750671831.7552688,inf,0.7907500267028809,1.0047500133514404,inf
1750671832.3329296,inf,0.7919999957084656,1.003499984741211,inf
1750671832.7772458,inf,0.7914999723434448,1.0052499771118164,inf
1750671833.3100224,inf,0.7919999957084656,1.003749966621399,inf
1750671833.8876874,inf,0.7900000214576721,1.003250002861023,inf
1750671834.4648314,inf,0.7914999723434448,1.003999948501587,inf
1750671835.0420957,inf,0.7914999723434448,1.003250002861023,inf
1750671835.619435,inf,0.7889999747276306,1.003000020980835,inf
1750671836.1970224,inf,0.7904999852180481,1.0045000314712524,inf
1750671836.7306256,inf,0.7900000214576721,1.0047500133514404,inf
1750671837.308065,inf,0.7904999852180481,1.003749966621399,inf
1750671837.885859,inf,0.7889999747276306,1.002750039100647,inf
1750671838.418543,inf,0.7907500267028809,1.0049999952316284,inf
1750671838.950866,inf,0.7900000214576721,1.003999948501587,inf
1750671839.4849498,inf,0.7902500033378601,1.0057499408721924,inf
1750671840.061915,inf,0.7910000085830688,1.003749966621399,inf
1750671840.5948586,inf,0.7904999852180481,1.0049999952316284,inf
1750671841.1276984,inf,0.7894999980926514,1.0042500495910645,inf
1750671841.6165833,inf,0.7902500033378601,1.003749966621399,inf
1750671842.1495786,inf,0.7917500138282776,1.002500057220459,inf
1750671842.726755,inf,0.7894999980926514,1.0042500495910645,inf
1750671843.304149,inf,0.7897499799728394,1.003000020980835,inf
1750671843.8378642,inf,0.7919999957084656,1.003499984741211,inf
1750671844.3706892,inf,0.7925000190734863,1.003749966621399,inf
1750671844.9479742,inf,0.7927500009536743,1.003749966621399,inf
1750671845.392445,inf,0.7914999723434448,1.003749966621399,inf
1750671845.9254498,inf,0.7910000085830688,1.003000020980835,inf
1750671846.5024934,inf,0.7925000190734863,1.003749966621399,inf
1750671847.080298,inf,0.7900000214576721,1.003999948501587,inf
1750671847.6576443,inf,0.7887499928474426,1.003000020980835,inf
1750671848.0578926,inf,0.7904999852180481,1.003999948501587,inf
1750671848.634554,inf,0.7922499775886536,1.003749966621399,inf
1750671849.0791707,inf,0.7889999747276306,1.002750039100647,inf
1750671849.5237634,inf,0.7894999980926514,1.0042500495910645,inf
1750671850.1012673,inf,0.7904999852180481,1.0042500495910645,inf
1750671850.5006926,inf,0.7907500267028809,1.0045000314712524,inf
1750671851.0782292,inf,0.7919999957084656,1.003749966621399,inf
1750671851.6108005,inf,0.7889999747276306,1.003000020980835,inf
1750671852.099182,inf,0.7894999980926514,1.0045000314712524,inf
1750671852.6772788,inf,0.7904999852180481,1.0042500495910645,inf
1750671853.2549086,inf,0.7925000190734863,1.003749966621399,inf
1750671853.8321784,inf,0.7902500033378601,1.003999948501587,inf
1750671854.4094276,inf,0.7897499799728394,1.0045000314712524,inf
1750671854.9870472,inf,0.7889999747276306,1.002750039100647,inf
1750671855.5645275,inf,0.7919999957084656,1.003250002861023,inf
1750671856.1417556,inf,0.7900000214576721,1.003999948501587,inf
1750671856.7188096,inf,0.7917500138282776,1.0045000314712524,inf
1750671857.2530754,inf,0.7902500033378601,1.0047500133514404,inf
1750671857.7857764,inf,0.7907500267028809,1.003999948501587,inf
1750671858.31857,inf,0.7907500267028809,1.0022499561309814,inf
1750671858.7181606,inf,0.7917500138282776,1.003499984741211,inf
1750671859.1179125,inf,0.7907500267028809,1.0022499561309814,inf
1750671859.5622993,inf,0.7892500162124634,1.003250002861023,inf
1750671860.1398747,inf,0.7910000085830688,1.003499984741211,inf
1750671860.7171893,inf,0.7922499775886536,1.003749966621399,inf
1750671861.16162,inf,0.7904999852180481,1.002500057220459,inf
1750671861.56154,inf,0.7897499799728394,1.003999948501587,inf
1750671862.0938804,inf,0.7897499799728394,1.0042500495910645,inf
1750671862.5836694,inf,0.7919999957084656,1.003000020980835,inf
1750671863.160572,inf,0.7894999980926514,1.0049999952316284,inf
1750671863.7380133,inf,0.7894999980926514,1.0049999952316284,inf
1750671864.2262557,inf,0.7919999957084656,1.003499984741211,inf
1750671864.7600415,inf,0.7902500033378601,1.003250002861023,inf
1750671865.3372145,inf,0.7904999852180481,1.0042500495910645,inf
1750671865.9148436,inf,0.7900000214576721,1.0052499771118164,inf
1750671866.4920685,inf,0.7907500267028809,1.003250002861023,inf
1750671867.0689101,inf,0.7897499799728394,1.003250002861023,inf
1750671867.6468852,inf,0.7907500267028809,1.0042500495910645,inf
1750671868.224459,inf,0.7912499904632568,1.003499984741211,inf
1750671868.8021507,inf,0.7894999980926514,1.003000020980835,inf
1750671869.378957,inf,0.7907500267028809,1.002750039100647,inf
1750671869.9564345,inf,0.7912499904632568,1.0045000314712524,inf
1750671870.4900768,inf,0.7894999980926514,1.003000020980835,inf
1750671871.0675337,inf,0.7894999980926514,1.0057499408721924,inf
1750671871.6451387,inf,0.7910000085830688,1.0047500133514404,inf
1750671872.2224104,inf,0.7902500033378601,1.003999948501587,inf
1750671872.7552989,inf,0.7889999747276306,1.002500057220459,inf
1750671873.2444456,inf,0.7922499775886536,1.003999948501587,inf
1750671873.8208058,inf,0.7907500267028809,1.003999948501587,inf
1750671874.3989725,inf,0.7914999723434448,1.003999948501587,inf
1750671874.9766142,inf,0.7910000085830688,1.0042500495910645,inf
1750671875.5537262,inf,0.7892500162124634,1.002750039100647,inf
1750671876.1311624,inf,0.7919999957084656,1.003000020980835,inf
1750671876.7083545,inf,0.7914999723434448,1.003749966621399,inf
1750671877.2859704,inf,0.7910000085830688,1.0042500495910645,inf
1750671877.8634639,inf,0.7919999957084656,1.003499984741211,inf
1750671878.4406068,inf,0.7917500138282776,1.0042500495910645,inf
1750671878.9746702,inf,0.7902500033378601,1.003999948501587,inf
1750671879.5078428,inf,0.7917500138282776,1.003499984741211,inf
1750671880.039839,inf,0.7892500162124634,1.003499984741211,inf
1750671880.6173267,inf,0.7892500162124634,1.002750039100647,inf
1750671881.151042,inf,0.7910000085830688,1.0042500495910645,inf
1750671881.7284691,inf,0.7892500162124634,1.002750039100647,inf
1750671882.3061147,inf,0.7919999957084656,1.003749966621399,inf
1750671882.883423,inf,0.7914999723434448,1.0045000314712524,inf
1750671883.4606466,inf,0.7919999957084656,1.003999948501587,inf
1750671884.0379448,inf,0.7894999980926514,1.003000020980835,inf
1750671884.5714195,inf,0.7910000085830688,1.002750039100647,inf
1750671885.0154505,inf,0.7910000085830688,1.003250002861023,inf
1750671885.5481012,inf,0.7889999747276306,1.002500057220459,inf
1750671886.0819972,inf,0.7912499904632568,1.003749966621399,inf
1750671886.6592784,inf,0.7904999852180481,1.003250002861023,inf
1750671887.236129,inf,0.7894999980926514,1.0047500133514404,inf
1750671887.7700262,inf,0.7910000085830688,1.003999948501587,inf
1750671888.3465629,inf,0.7894999980926514,1.002500057220459,inf
1750671888.924012,inf,0.7900000214576721,1.0042500495910645,inf
1750671889.5012517,inf,0.7894999980926514,1.003749966621399,inf
1750671890.0350356,inf,0.7922499775886536,1.003749966621399,inf
1750671890.6125884,inf,0.7894999980926514,1.003499984741211,inf
1750671891.1902606,inf,0.7904999852180481,1.003250002861023,inf
1750671891.7674546,inf,0.7925000190734863,1.003499984741211,inf
1750671892.300231,inf,0.7907500267028809,1.003749966621399,inf
1750671892.8775496,inf,0.7910000085830688,1.0045000314712524,inf
1750671893.4550612,inf,0.7910000085830688,1.003999948501587,inf
1750671894.032177,inf,0.7910000085830688,1.0047500133514404,inf
1750671894.477166,inf,0.7894999980926514,1.0052499771118164,inf
1750671894.9214375,inf,0.7897499799728394,1.002500057220459,inf
1750671895.498854,inf,0.7917500138282776,1.003749966621399,inf
1750671896.0762353,inf,0.7897499799728394,1.002750039100647,inf
1750671896.6088688,inf,0.7900000214576721,1.003749966621399,inf
1750671897.1416686,inf,0.7919999957084656,1.0045000314712524,inf
1750671897.719772,inf,0.7912499904632568,1.0052499771118164,inf
1750671898.2974114,inf,0.7919999957084656,1.003499984741211,inf
1750671898.874505,inf,0.7907500267028809,1.0022499561309814,inf
1750671899.4524512,inf,0.7917500138282776,1.003999948501587,inf
1750671899.985492,inf,0.7917500138282776,1.003250002861023,inf
1750671900.429232,inf,0.7904999852180481,1.003499984741211,inf
1750671900.874458,inf,0.7919999957084656,1.003749966621399,inf
1750671901.4510362,inf,0.7919999957084656,1.003250002861023,inf
1750671902.0276694,inf,0.7922499775886536,1.003749966621399,inf
1750671902.6058202,inf,0.7894999980926514,1.0045000314712524,inf
1750671903.1833637,inf,0.7892500162124634,1.0022499561309814,inf
1750671903.7604742,inf,0.7919999957084656,1.003250002861023,inf
1750671904.3382986,inf,0.7914999723434448,1.003499984741211,inf
1750671904.9153013,inf,0.7892500162124634,1.002750039100647,inf
1750671905.4928298,inf,0.7894999980926514,1.002500057220459,inf
1750671906.025819,inf,0.7919999957084656,1.003250002861023,inf
1750671906.603874,inf,0.7897499799728394,1.003499984741211,inf
1750671907.0917363,inf,0.7910000085830688,1.0042500495910645,inf
1750671907.6693904,inf,0.7897499799728394,1.003749966621399,inf
1750671908.246742,inf,0.7889999747276306,1.002750039100647,inf
1750671908.7810051,inf,0.7904999852180481,1.0052499771118164,inf
1750671909.3132157,inf,0.7917500138282776,1.0052499771118164,inf
1750671909.8907056,inf,0.7917500138282776,1.003999948501587,inf
1750671910.468038,inf,0.7912499904632568,1.0045000314712524,inf
1750671911.0451088,inf,0.7910000085830688,1.0045000314712524,inf
1750671911.6229198,inf,0.7894999980926514,1.003499984741211,inf
1750671912.19998,inf,0.7897499799728394,1.0049999952316284,inf
1750671912.7340217,inf,0.7912499904632568,1.003749966621399,inf
1750671913.3115423,inf,0.7894999980926514,1.002750039100647,inf
1750671913.8444078,inf,0.7904999852180481,1.0042500495910645,inf
1750671914.421491,inf,0.7919999957084656,1.003999948501587,inf
1750671914.9105837,inf,0.7922499775886536,1.003749966621399,inf
1750671915.4880018,inf,0.7902500033378601,1.003499984741211,inf
1750671916.0655766,inf,0.7912499904632568,1.003999948501587,inf
1750671916.6427774,inf,0.7892500162124634,1.002750039100647,inf
1750671917.219756,inf,0.7889999747276306,1.0047500133514404,inf
1750671917.7537277,inf,0.7902500033378601,1.003749966621399,inf
1750671918.2420232,inf,0.7904999852180481,1.002500057220459,inf
1750671918.8196957,inf,0.7892500162124634,1.0047500133514404,inf
1750671919.3972309,inf,0.7897499799728394,1.002750039100647,inf
1750671919.9741096,inf,0.7897499799728394,1.003999948501587,inf
1750671920.551746,inf,0.7907500267028809,1.0042500495910645,inf
1750671920.9960775,inf,0.7897499799728394,1.002750039100647,inf
1750671921.529234,inf,0.7900000214576721,1.003000020980835,inf
1750671921.9289258,inf,0.7907500267028809,1.003499984741211,inf
1750671922.4618998,inf,0.7902500033378601,1.003000020980835,inf
1750671922.9506001,inf,0.7907500267028809,1.003999948501587,inf
1750671923.5279224,inf,0.7914999723434448,1.003749966621399,inf
1750671924.1053882,inf,0.7889999747276306,1.002500057220459,inf
1750671924.6820982,inf,0.7910000085830688,1.003499984741211,inf
1750671925.2595985,inf,0.7897499799728394,1.0047500133514404,inf
1750671925.8370814,inf,0.7892500162124634,1.0045000314712524,inf
1750671926.4148273,inf,0.7912499904632568,1.003999948501587,inf
1750671926.9486644,inf,0.7902500033378601,1.003749966621399,inf
1750671927.5262868,inf,0.7910000085830688,1.003250002861023,inf
1750671928.058708,inf,0.7919999957084656,1.003999948501587,inf
1750671928.5916917,inf,0.7900000214576721,1.003749966621399,inf
1750671929.1251085,inf,0.7900000214576721,1.003000020980835,inf
1750671929.7027216,inf,0.7912499904632568,1.0042500495910645,inf
1750671930.280223,inf,0.7917500138282776,1.003499984741211,inf
1750671930.8572855,inf,0.7894999980926514,1.002750039100647,inf
1750671931.434776,inf,0.7907500267028809,1.002750039100647,inf
1750671932.0120988,inf,0.7914999723434448,1.003999948501587,inf
1750671932.545012,inf,0.7922499775886536,1.003999948501587,inf
1750671932.9892044,inf,0.7907500267028809,1.0042500495910645,inf
1750671933.5662575,inf,0.7917500138282776,1.0045000314712524,inf
1750671933.96603,inf,0.7912499904632568,1.003749966621399,inf
1750671934.5440373,inf,0.7897499799728394,1.003000020980835,inf
1750671935.121255,inf,0.7900000214576721,1.002750039100647,inf
1750671935.6986837,inf,0.7919999957084656,1.0042500495910645,inf
1750671936.187573,inf,0.7904999852180481,1.003749966621399,inf
1750671936.675835,inf,0.7925000190734863,1.003749966621399,inf
1750671937.209532,inf,0.7894999980926514,1.003250002861023,inf
1750671937.786547,inf,0.7900000214576721,1.0057499408721924,inf
1750671938.319821,inf,0.7894999980926514,1.003499984741211,inf
1750671938.8970308,inf,0.7900000214576721,1.003749966621399,inf
1750671939.4745853,inf,0.7917500138282776,1.003749966621399,inf
1750671940.0520635,inf,0.7897499799728394,1.003749966621399,inf
1750671940.5409224,inf,0.7904999852180481,1.003000020980835,inf
1750671941.118415,inf,0.7892500162124634,1.00600004196167,inf
1750671941.6954944,inf,0.7919999957084656,1.003749966621399,inf
1750671942.2733345,inf,0.7910000085830688,1.003999948501587,inf
1750671942.6730905,inf,0.7902500033378601,1.002750039100647,inf
1750671943.2059686,inf,0.7907500267028809,1.003499984741211,inf
1750671943.783104,inf,0.7922499775886536,1.003749966621399,inf
1750671944.3168502,inf,0.7894999980926514,1.003749966621399,inf
1750671944.8942132,inf,0.7889999747276306,1.003000020980835,inf
1750671945.4716277,inf,0.7910000085830688,1.003999948501587,inf
1750671946.0491872,inf,0.7902500033378601,1.002750039100647,inf
1750671946.6264987,inf,0.7907500267028809,1.003000020980835,inf
1750671947.204165,inf,0.7894999980926514,1.003749966621399,inf
1750671947.7811763,inf,0.7902500033378601,1.0022499561309814,inf
1750671948.3586693,inf,0.7910000085830688,1.0042500495910645,inf
1750671948.8478582,inf,0.7892500162124634,1.0047500133514404,inf
1750671949.4256213,inf,0.7904999852180481,1.0047500133514404,inf
1750671950.0024111,inf,0.7902500033378601,1.003749966621399,inf
1750671950.579925,inf,0.7914999723434448,1.003999948501587,inf
1750671951.15765,inf,0.7897499799728394,1.003250002861023,inf
1750671951.7348099,inf,0.7897499799728394,1.0045000314712524,inf
1750671952.312053,inf,0.7907500267028809,1.003000020980835,inf
1750671952.8893797,inf,0.7922499775886536,1.003250002861023,inf
1750671953.4668756,inf,0.7910000085830688,1.002500057220459,inf
1750671954.000479,inf,0.7917500138282776,1.003999948501587,inf
1750671954.5781682,inf,0.7919999957084656,1.003749966621399,inf
1750671955.1556048,inf,0.7914999723434448,1.003499984741211,inf
1750671955.7328095,inf,0.7897499799728394,1.002750039100647,inf
1750671956.3102171,inf,0.7897499799728394,1.003749966621399,inf
1750671956.8875175,inf,0.7914999723434448,1.003749966621399,inf
1750671957.4205418,inf,0.7894999980926514,1.003749966621399,inf
1750671957.9974976,inf,0.7907500267028809,1.003749966621399,inf
1750671958.5316293,inf,0.7914999723434448,1.003749966621399,inf
1750671959.1087444,inf,0.7902500033378601,1.0042500495910645,inf
1750671959.6863744,inf,0.7910000085830688,1.003499984741211,inf
1750671960.1743464,inf,0.7919999957084656,1.0045000314712524,inf
1750671960.6187932,inf,0.7900000214576721,1.002500057220459,inf
1750671961.1077876,inf,0.7919999957084656,1.0047500133514404,inf
1750671961.6852462,inf,0.7907500267028809,1.003999948501587,inf
1750671962.1730244,inf,0.7902500033378601,1.003999948501587,inf
1750671962.750651,inf,0.7914999723434448,1.002500057220459,inf
1750671963.3280892,inf,0.7907500267028809,1.0042500495910645,inf
1750671963.8618941,inf,0.7912499904632568,1.0042500495910645,inf
1750671964.438597,inf,0.7917500138282776,1.003749966621399,inf
1750671965.0170052,inf,0.7904999852180481,1.003000020980835,inf
1750671965.5944152,inf,0.7904999852180481,1.003999948501587,inf
1750671966.0384986,inf,0.7907500267028809,1.0042500495910645,inf
1750671966.438268,inf,0.7894999980926514,1.0045000314712524,inf
1750671966.9709353,inf,0.7922499775886536,1.0042500495910645,inf
1750671967.5037858,inf,0.7919999957084656,1.0042500495910645,inf
1750671968.0811555,inf,0.7904999852180481,1.0042500495910645,inf
1750671968.6585681,inf,0.7910000085830688,1.0045000314712524,inf
1750671969.1480815,inf,0.7907500267028809,1.003000020980835,inf
1750671969.7250159,inf,0.7912499904632568,1.003999948501587,inf
1750671970.3026955,inf,0.7910000085830688,1.0042500495910645,inf
1750671970.8796551,inf,0.7912499904632568,1.0045000314712524,inf
1750671971.457232,inf,0.7922499775886536,1.003499984741211,inf
1750671971.946612,inf,0.7889999747276306,1.0045000314712524,inf
1750671972.5238,inf,0.7900000214576721,1.0047500133514404,inf
1750671973.0121276,inf,0.7917500138282776,1.003749966621399,inf
1750671973.5454643,inf,0.7902500033378601,1.0042500495910645,inf
1750671974.1231272,inf,0.7922499775886536,1.0045000314712524,inf
1750671974.700806,inf,0.7919999957084656,1.003999948501587,inf
1750671975.277963,inf,0.7910000085830688,1.003000020980835,inf
1750671975.8551672,inf,0.7902500033378601,1.0042500495910645,inf
1750671976.4325287,inf,0.7904999852180481,1.003000020980835,inf
1750671977.0099084,inf,0.7919999957084656,1.003499984741211,inf
1750671977.587568,inf,0.7894999980926514,1.0045000314712524,inf
1750671978.1647902,inf,0.7917500138282776,1.003250002861023,inf
1750671978.742593,inf,0.7922499775886536,1.003250002861023,inf
1750671979.3193827,inf,0.7894999980926514,1.002750039100647,inf
1750671979.8535824,inf,0.7907500267028809,1.003000020980835,inf
1750671980.4307132,inf,0.7902500033378601,1.002750039100647,inf
1750671981.0082448,inf,0.7889999747276306,1.0045000314712524,inf
1750671981.585444,inf,0.7907500267028809,1.003000020980835,inf
1750671982.1623662,inf,0.7902500033378601,1.0042500495910645,inf
1750671982.7407148,inf,0.7912499904632568,1.002750039100647,inf
1750671983.3174176,inf,0.7919999957084656,1.003749966621399,inf
1750671983.8953164,inf,0.7889999747276306,1.002500057220459,inf
1750671984.384122,inf,0.7914999723434448,1.003250002861023,inf
1750671984.9172006,inf,0.7919999957084656,1.003999948501587,inf
1750671985.4942431,inf,0.7907500267028809,1.003999948501587,inf
1750671986.0715094,inf,0.7894999980926514,1.003250002861023,inf
1750671986.6489086,inf,0.7919999957084656,1.003999948501587,inf
1750671987.2261784,inf,0.7917500138282776,1.003999948501587,inf
1750671987.760113,inf,0.7919999957084656,1.0042500495910645,inf
1750671988.2933812,inf,0.7919999957084656,1.003999948501587,inf
1750671988.737383,inf,0.7919999957084656,1.003999948501587,inf
1750671989.22534,inf,0.7912499904632568,1.003749966621399,inf
1750671989.625185,inf,0.7900000214576721,1.002750039100647,inf
1750671990.0704057,inf,0.7910000085830688,1.003000020980835,inf
1750671990.6470487,inf,0.7912499904632568,1.003749966621399,inf
1750671991.2245612,inf,0.7910000085830688,1.0042500495910645,inf
1750671991.8021822,inf,0.7922499775886536,1.003999948501587,inf
1750671992.2463756,inf,0.7889999747276306,1.0045000314712524,inf
1750671992.7790825,inf,0.7922499775886536,1.0042500495910645,inf
1750671993.3566327,inf,0.7917500138282776,1.003749966621399,inf
1750671993.9334884,inf,0.7917500138282776,1.003499984741211,inf
1750671994.4229095,inf,0.7910000085830688,1.003999948501587,inf
1750671995.0003293,inf,0.7919999957084656,1.0042500495910645,inf
1750671995.533059,inf,0.7922499775886536,1.003749966621399,inf
1750671996.1105654,inf,0.7900000214576721,1.003000020980835,inf
1750671996.6002345,inf,0.7902500033378601,1.0042500495910645,inf
1750671996.999413,inf,0.7914999723434448,1.003000020980835,inf
1750671997.4874957,inf,0.7889999747276306,1.003250002861023,inf
1750671998.0204902,inf,0.7897499799728394,1.003250002861023,inf
1750671998.5984976,inf,0.7904999852180481,1.0042500495910645,inf
1750671999.1317708,inf,0.7907500267028809,1.003999948501587,inf
1750671999.6646929,inf,0.7900000214576721,1.003000020980835,inf
1750672000.0640614,inf,0.7900000214576721,1.002750039100647,inf
1750672000.5533204,inf,0.7894999980926514,1.0045000314712524,inf
1750672001.085854,inf,0.7907500267028809,1.003250002861023,inf
1750672001.4862509,inf,0.7900000214576721,1.002750039100647,inf
1750672001.9745378,inf,0.7907500267028809,1.003999948501587,inf
1750672002.4631948,inf,0.7900000214576721,1.0047500133514404,inf
1750672002.9075794,inf,0.7892500162124634,1.003749966621399,inf
1750672003.3518546,inf,0.7914999723434448,1.003749966621399,inf
1750672003.9292355,inf,0.7900000214576721,1.003000020980835,inf
1750672004.5063899,inf,0.7919999957084656,1.0042500495910645,inf
1750672005.0394824,inf,0.7912499904632568,1.003499984741211,inf
1750672005.5281572,inf,0.7894999980926514,1.003749966621399,inf
1750672006.0610592,inf,0.7919999957084656,1.003749966621399,inf
1750672006.638455,inf,0.7919999957084656,1.003999948501587,inf
1750672007.2154834,inf,0.7907500267028809,1.003749966621399,inf
1750672007.793458,inf,0.7902500033378601,1.003000020980835,inf
1750672008.3708222,inf,0.7902500033378601,1.003749966621399,inf
1750672008.9483535,inf,0.7914999723434448,1.003999948501587,inf
1750672009.5253563,inf,0.7907500267028809,1.0042500495910645,inf
1750672010.0592856,inf,0.7914999723434448,1.003999948501587,inf
1750672010.6366367,inf,0.7910000085830688,1.003999948501587,inf
1750672011.2142966,inf,0.7922499775886536,1.003000020980835,inf
1750672011.7912662,inf,0.7889999747276306,1.0045000314712524,inf
1750672012.3241081,inf,0.7922499775886536,1.003749966621399,inf
1750672012.9015193,inf,0.7904999852180481,1.003499984741211,inf
1750672013.301377,inf,0.7912499904632568,1.003999948501587,inf
1750672013.7903783,inf,0.7902500033378601,1.003999948501587,inf
1750672014.367716,inf,0.7904999852180481,1.002750039100647,inf
1750672014.9451983,inf,0.7922499775886536,1.003749966621399,inf
1750672015.4779472,inf,0.7914999723434448,1.003499984741211,inf
1750672015.9669352,inf,0.7917500138282776,1.0045000314712524,inf
1750672016.455984,inf,0.7900000214576721,1.003000020980835,inf
1750672016.944566,inf,0.7922499775886536,1.003749966621399,inf
1750672017.4768631,inf,0.7889999747276306,1.003250002861023,inf
1750672018.0544884,inf,0.7912499904632568,1.003250002861023,inf
1750672018.63173,inf,0.7902500033378601,1.0042500495910645,inf
1750672019.2091558,inf,0.7907500267028809,1.0042500495910645,inf
1750672019.7427511,inf,0.7919999957084656,1.003499984741211,inf
1750672020.2311969,inf,0.7917500138282776,1.003499984741211,inf
1750672020.675434,inf,0.7892500162124634,1.003000020980835,inf
1750672021.2528107,inf,0.7914999723434448,1.0042500495910645,inf
1750672021.8303902,inf,0.7902500033378601,1.0042500495910645,inf
1750672022.407498,inf,0.7907500267028809,1.003749966621399,inf
1750672022.8519251,inf,0.7902500033378601,1.003999948501587,inf
1750672023.4294221,inf,0.7914999723434448,1.003000020980835,inf
1750672023.9620922,inf,0.7904999852180481,1.003250002861023,inf
1750672024.5398173,inf,0.7904999852180481,1.002750039100647,inf
1750672025.073222,inf,0.7902500033378601,1.002750039100647,inf
1750672025.6509197,inf,0.7904999852180481,1.003999948501587,inf
1750672026.2282555,inf,0.7914999723434448,1.0042500495910645,inf
1750672026.7612197,inf,0.7900000214576721,1.003000020980835,inf
1750672027.16032,inf,0.7914999723434448,1.003749966621399,inf
1750672027.7379127,inf,0.7912499904632568,1.003999948501587,inf
1750672028.3157399,inf,0.7919999957084656,1.003250002861023,inf
1750672028.8931475,inf,0.7912499904632568,1.003749966621399,inf
1750672029.4701142,inf,0.7910000085830688,1.003499984741211,inf
1750672030.004004,inf,0.7894999980926514,1.002500057220459,inf
1750672030.5814397,inf,0.7902500033378601,1.003000020980835,inf
1750672031.1586678,inf,0.7922499775886536,1.0042500495910645,inf
1750672031.7359707,inf,0.7904999852180481,1.0042500495910645,inf
1750672032.2685592,inf,0.7917500138282776,1.0045000314712524,inf
1750672032.8462658,inf,0.7904999852180481,1.0047500133514404,inf
1750672033.4240263,inf,0.7900000214576721,1.0047500133514404,inf
1750672033.9574137,inf,0.7902500033378601,1.0047500133514404,inf
1750672034.5348158,inf,0.7907500267028809,1.003749966621399,inf
1750672035.112492,inf,0.7900000214576721,1.003250002861023,inf
1750672035.6898296,inf,0.7904999852180481,1.003999948501587,inf
1750672036.266897,inf,0.7907500267028809,1.002750039100647,inf
1750672036.8443408,inf,0.7907500267028809,1.003499984741211,inf
1750672037.4222152,inf,0.7907500267028809,1.003999948501587,inf
1750672037.9989345,inf,0.7919999957084656,1.0042500495910645,inf
1750672038.5760548,inf,0.7889999747276306,1.0047500133514404,inf
1750672039.0656073,inf,0.7894999980926514,1.0042500495910645,inf
1750672039.6429853,inf,0.7902500033378601,1.003499984741211,inf
1750672040.1757607,inf,0.7892500162124634,1.003499984741211,inf
1750672040.75344,inf,0.7910000085830688,1.003999948501587,inf
1750672041.330548,inf,0.7919999957084656,1.0042500495910645,inf
1750672041.907952,inf,0.7914999723434448,1.003499984741211,inf
1750672042.4421554,inf,0.7917500138282776,1.003749966621399,inf
1750672042.9298763,inf,0.7889999747276306,1.0042500495910645,inf
1750672043.4197774,inf,0.7894999980926514,1.003749966621399,inf
1750672043.9514618,inf,0.7917500138282776,1.003999948501587,inf
1750672044.48445,inf,0.7919999957084656,1.003999948501587,inf
1750672045.0618153,inf,0.7910000085830688,1.002500057220459,inf
1750672045.5509858,inf,0.7892500162124634,1.002500057220459,inf
1750672045.9956803,inf,0.7919999957084656,1.003749966621399,inf
1750672046.4839509,inf,0.7914999723434448,1.003499984741211,inf
1750672046.8833475,inf,0.7907500267028809,1.002750039100647,inf
1750672047.4607823,inf,0.7914999723434448,1.003499984741211,inf
1750672048.0383317,inf,0.7904999852180481,1.0042500495910645,inf
1750672048.6152709,inf,0.7912499904632568,1.003499984741211,inf
1750672049.104869,inf,0.7912499904632568,1.003499984741211,inf
1750672049.5493085,inf,0.7914999723434448,1.003999948501587,inf
1750672050.1263795,inf,0.7919999957084656,1.003749966621399,inf
1750672050.7036572,inf,0.7919999957084656,1.0042500495910645,inf
1750672051.2810667,inf,0.7912499904632568,1.003749966621399,inf
1750672051.8138666,inf,0.7904999852180481,1.002750039100647,inf
1750672052.257963,inf,0.7907500267028809,1.002500057220459,inf
1750672052.8357706,inf,0.7912499904632568,1.003499984741211,inf
1750672053.4130375,inf,0.7904999852180481,1.003000020980835,inf
1750672053.9900727,inf,0.7912499904632568,1.003499984741211,inf
1750672054.5678325,inf,0.7902500033378601,1.002750039100647,inf
1750672055.1454766,inf,0.7919999957084656,1.003499984741211,inf
1750672055.7226067,inf,0.7904999852180481,1.003749966621399,inf
1750672056.2116463,inf,0.7917500138282776,1.003999948501587,inf
1750672056.6566167,inf,0.7919999957084656,1.003749966621399,inf
1750672057.2329237,inf,0.7907500267028809,1.0045000314712524,inf
1750672057.7665443,inf,0.7907500267028809,1.003999948501587,inf
1750672058.3437655,inf,0.7902500033378601,1.0022499561309814,inf
1750672058.9214115,inf,0.7904999852180481,1.0047500133514404,inf
1750672059.4983883,inf,0.7894999980926514,1.003250002861023,inf
1750672060.075944,inf,0.7914999723434448,1.003250002861023,inf
1750672060.6096509,inf,0.7912499904632568,1.003000020980835,inf
1750672061.1869996,inf,0.7914999723434448,1.003499984741211,inf
1750672061.719756,inf,0.7910000085830688,1.002750039100647,inf
1750672062.296753,inf,0.7897499799728394,1.003749966621399,inf
1750672062.8748326,inf,0.7914999723434448,1.003749966621399,inf
1750672063.4521582,inf,0.7900000214576721,1.002750039100647,inf
1750672064.0294063,inf,0.7917500138282776,1.003749966621399,inf
1750672064.606631,inf,0.7904999852180481,1.003499984741211,inf
1750672065.1408546,inf,0.7910000085830688,1.003250002861023,inf
1750672065.7178555,inf,0.7907500267028809,1.003999948501587,inf
1750672066.118386,inf,0.7892500162124634,1.003749966621399,inf
1750672066.6953783,inf,0.7914999723434448,1.003749966621399,inf
1750672067.2718313,inf,0.7917500138282776,1.003499984741211,inf
1750672067.8056943,inf,0.7912499904632568,1.003000020980835,inf
1750672068.3825183,inf,0.7902500033378601,1.002500057220459,inf
1750672068.9599094,inf,0.7907500267028809,1.002500057220459,inf
1750672069.4937007,inf,0.7904999852180481,1.0047500133514404,inf
1750672070.0713146,inf,0.7907500267028809,1.003749966621399,inf
1750672070.6485007,inf,0.7919999957084656,1.003250002861023,inf
1750672071.2260802,inf,0.7900000214576721,1.003250002861023,inf
1750672071.8036492,inf,0.7910000085830688,1.003749966621399,inf
1750672072.380666,inf,0.7892500162124634,1.0049999952316284,inf
1750672072.9581096,inf,0.7902500033378601,1.003999948501587,inf
1750672073.5358026,inf,0.7902500033378601,1.003250002861023,inf
1750672074.1127715,inf,0.7904999852180481,1.002750039100647,inf
1750672074.6019108,inf,0.7904999852180481,1.0042500495910645,inf
1750672075.135435,inf,0.7912499904632568,1.003749966621399,inf
1750672075.71208,inf,0.7904999852180481,1.002750039100647,inf
1750672076.1565924,inf,0.7894999980926514,1.0022499561309814,inf
1750672076.7341163,inf,0.7922499775886536,1.003999948501587,inf
1750672077.2663505,inf,0.7904999852180481,1.0042500495910645,inf
1750672077.75604,inf,0.7894999980926514,1.003000020980835,inf
1750672078.2886264,inf,0.7910000085830688,1.003749966621399,inf
1750672078.8218756,inf,0.7907500267028809,1.002750039100647,inf
1750672079.3549063,inf,0.7907500267028809,1.0042500495910645,inf
1750672079.932337,inf,0.7914999723434448,1.003499984741211,inf
1750672080.465739,inf,0.7917500138282776,1.003749966621399,inf
1750672080.9976194,inf,0.7902500033378601,1.003250002861023,inf
1750672081.5316308,inf,0.7919999957084656,1.003749966621399,inf
1750672082.0643396,inf,0.7907500267028809,1.002500057220459,inf
1750672082.6418264,inf,0.7892500162124634,1.003250002861023,inf
1750672083.1744506,inf,0.7910000085830688,1.003999948501587,inf
1750672083.7074015,inf,0.7904999852180481,1.003999948501587,inf
1750672084.2857144,inf,0.7907500267028809,1.003749966621399,inf
1750672084.8183098,inf,0.7907500267028809,1.003999948501587,inf
1750672085.3508964,inf,0.7892500162124634,1.0042500495910645,inf
1750672085.928451,inf,0.7919999957084656,1.003250002861023,inf
1750672086.4626474,inf,0.7912499904632568,1.0042500495910645,inf
1750672086.9956267,inf,0.7904999852180481,1.0042500495910645,inf
1750672087.5725687,inf,0.7897499799728394,1.0047500133514404,inf
1750672088.017616,inf,0.7900000214576721,1.003250002861023,inf
1750672088.5496264,inf,0.7897499799728394,1.003749966621399,inf
1750672089.12738,inf,0.7912499904632568,1.003250002861023,inf
1750672089.7043965,inf,0.7922499775886536,1.003999948501587,inf
1750672090.2817867,inf,0.7900000214576721,1.003499984741211,inf
1750672090.7265198,inf,0.7904999852180481,1.003999948501587,inf
1750672091.170906,inf,0.7900000214576721,1.003000020980835,inf
1750672091.7481468,inf,0.7910000085830688,1.003000020980835,inf
1750672092.325295,inf,0.7907500267028809,1.0042500495910645,inf
1750672092.7702043,inf,0.7902500033378601,1.003250002861023,inf
1750672093.3474085,inf,0.7914999723434448,1.003749966621399,inf
1750672093.924639,inf,0.7914999723434448,1.003749966621399,inf
1750672094.5021808,inf,0.7904999852180481,1.003499984741211,inf
1750672095.07962,inf,0.7914999723434448,1.003749966621399,inf
1750672095.6569948,inf,0.7912499904632568,1.003499984741211,inf
1750672096.1455798,inf,0.7914999723434448,1.003749966621399,inf
1750672096.679296,inf,0.7912499904632568,1.003499984741211,inf
1750672097.2555995,inf,0.7907500267028809,1.003999948501587,inf
1750672097.7888103,inf,0.7922499775886536,1.003250002861023,inf
1750672098.3662724,inf,0.7919999957084656,1.003250002861023,inf
1750672098.8999863,inf,0.7910000085830688,1.0042500495910645,inf
1750672099.4775152,inf,0.7922499775886536,1.003499984741211,inf
1750672100.054694,inf,0.7904999852180481,1.0042500495910645,inf
1750672100.632305,inf,0.7914999723434448,1.003250002861023,inf
1750672101.1650932,inf,0.7914999723434448,1.003749966621399,inf
1750672101.6094549,inf,0.7904999852180481,1.003499984741211,inf
1750672102.1862898,inf,0.7894999980926514,1.003000020980835,inf
1750672102.7640598,inf,0.7912499904632568,1.003250002861023,inf
1750672103.3416934,inf,0.7912499904632568,1.003999948501587,inf
1750672103.9189117,inf,0.7917500138282776,1.003999948501587,inf
1750672104.4965582,inf,0.7904999852180481,1.003499984741211,inf
1750672104.9857268,inf,0.7914999723434448,1.003499984741211,inf
1750672105.4734335,inf,0.7907500267028809,1.003749966621399,inf
1750672106.007483,inf,0.7919999957084656,1.003749966621399,inf
1750672106.5398884,inf,0.7894999980926514,1.0042500495910645,inf
1750672106.939952,inf,0.7894999980926514,1.0045000314712524,inf
1750672107.4725213,inf,0.7910000085830688,1.0045000314712524,inf
1750672108.0498738,inf,0.7907500267028809,1.003999948501587,inf
1750672108.5835824,inf,0.7914999723434448,1.003499984741211,inf
1750672109.160409,inf,0.7894999980926514,1.0045000314712524,inf
1750672109.6935987,inf,0.7917500138282776,1.003499984741211,inf
1750672110.226838,inf,0.7910000085830688,1.003999948501587,inf
1750672110.803921,inf,0.7917500138282776,1.003499984741211,inf
1750672111.3379376,inf,0.7914999723434448,1.002500057220459,inf
1750672111.9150028,inf,0.7900000214576721,1.003000020980835,inf
1750672112.4480283,inf,0.7907500267028809,1.0022499561309814,inf
1750672112.9802337,inf,0.7902500033378601,1.003000020980835,inf
1750672113.5143938,inf,0.7902500033378601,1.003250002861023,inf
1750672114.091058,inf,0.7914999723434448,1.002750039100647,inf
1750672114.6245868,inf,0.7910000085830688,1.0022499561309814,inf
1750672115.2017753,inf,0.7902500033378601,1.0022499561309814,inf
1750672115.690162,inf,0.7892500162124634,1.0049999952316284,inf
1750672116.2677119,inf,0.7902500033378601,1.0022499561309814,inf
1750672116.8453481,inf,0.7887499928474426,1.003749966621399,inf
1750672117.3780205,inf,0.7889999747276306,1.003499984741211,inf
1750672117.955552,inf,0.7887499928474426,1.003749966621399,inf
1750672118.4450066,inf,0.7904999852180481,1.003250002861023,inf
1750672118.9328058,inf,0.7904999852180481,1.0042500495910645,inf
1750672119.5105417,inf,0.7910000085830688,1.0045000314712524,inf
1750672120.0881114,inf,0.7889999747276306,1.003749966621399,inf
1750672120.6218338,inf,0.7919999957084656,1.003250002861023,inf
1750672121.1107337,inf,0.7904999852180481,1.0052499771118164,inf
1750672121.687094,inf,0.7914999723434448,1.003000020980835,inf
1750672122.1755385,inf,0.7910000085830688,1.003749966621399,inf
1750672122.7536154,inf,0.7919999957084656,1.0017499923706055,inf
1750672123.331179,inf,0.7907500267028809,1.003499984741211,inf
1750672123.9082417,inf,0.7910000085830688,1.0045000314712524,inf
1750672124.4409518,inf,0.7914999723434448,1.003000020980835,inf
1750672125.0185888,inf,0.7917500138282776,1.003499984741211,inf
1750672125.462924,inf,0.7914999723434448,1.002750039100647,inf
